0,0.004718142246276075,0.000720025157502775,0.003553489813470789,0.000488678878735898,0.0004290908101601394,2.2238583347024565e-05,3.053497561904903e-05,0,0,0,0,0,2.970606764688217e-05,0.00019398092178567135,5.645429003850243e-05,0,0.00022510874521708388,0,0,0,0,1.6512523703223521e-06,0,0,1.0381653244545846e-05,0,0,0,0,0,0,0,0,0,0,0,0,0,0,0,0,0,0,0,0,0,0,0,0,0,0,0,0,0,0,1.9372730083398923e-06,0,0,0,0,0,0,0,0,0,0,0,0,0,0,0,0,0,0,0,0,0,0,0,0,8.936043103467094e-06,0,0,0,0,0,4.3844976514007067e-07,7.889456579799269e-07,1.0126332301612093e-06,0,0,0,0,0,0,0,0,0,0,0,0,0,0,0,0,0,0,0,0,0,0,0,0,0,0,0,0,0,0,0,0,0,0,0,0,0,0,0,0,0,0,0,0,0,0,0,0,0,0,0,0,0,0,0,0,0,0,0,0,0,0,0,0,0,0,0,0,0,0,0,0,0,0,0,0,0,0,0,0,0,0,0,0,0,0,0,0,0,0,0,0,0,0,0,0,0,0,0,0,0,0,0,0,0,0,0,0,0,0,0,0,0,0,0,0,0,0,0,0,0,0,0,0,0,0,0,0,0,9.991185373696255e-05,0.00011122924618821565,0.0038785610038563666,0.0010024491795417685,0,0.0003205497885955714,0.013341962924042935,3.452238031932732e-05,0.0008502218408577703,0,5.238627459791228e-05,0,0,0,0,0,0,0,0,0,0,0,0,0,0,0,0,0,0,0,0,0,0,0,0,0,0,0,0,0,0,0,0,0,0,0,0,0,0,0,0,0,0,0,0,0,0,0,0,0,0,0,0,0,0,0,0,0,0,0,0,0,0,0,0,0,0,0,0,0,0,0,0,0,0,0,0,0,0,0,0,0,0,0,0,0,0,0,0,0,0,0,0,0,0,0,0,0,0,0,0,0,0,0,0,0,0,0,0,0,0,0,0,0,0,0,0,0,0,0,0,0,0,0,0,0,0,0,0,0,0,0,0,0,0,0,0,0,0,0,0,0,0,0,0,0,0,0,0,0,0,0,0,0,0,0,0,0,0,0,0,0,0,0,0,0,0,0,0,0,0,0,0,0,0,0,0,0,0,0,0,0,0,0,0,0,0,0,0,0,0,0,0,0,0,0,0,0,0,0,0,0,0,0,0,0,0,0,0,0,0,0,0,0,0,0,0,0,0,0,0,0,0,0,0,0,0,0,0,0,0,0,0,0
0.004718142246276075,0,0.002144147359789334,0.009595003684677904,0.0024159702449929603,0.08880247635840274,0.006472015314162483,0.0024774834818759414,0.0004361368103142299,0,8.252391591705526e-05,0.005308808334202872,0.00020360929028137088,2.7873449458809837e-05,0.00014412295305328725,0.040161368048384015,0.006082759811122156,0.005841777056619659,0.004148423114493132,0.00044540728691993024,0.004230524601434124,0.00018354735977453774,0.008624435813744311,0.0028247288602558022,0.002276973371777031,0.03189423147681208,0.004725347340233652,0.012601870919144833,0.012878379910125642,0.004605456456428186,0.020353295839956157,0.0006722146339329627,0.0010180180479227368,0.00016232089601590807,0.018173388477087764,0.0006740772743522968,5.5562740234502825e-05,0.008793398612567432,4.537056013688779e-05,0.0003275013137589692,0.0035836382782536234,0.0006017286094688809,0.0013765928893071063,0.0007163013615199233,0.00013460107086211523,4.299234606180097e-06,0.0009088439243003076,0,4.804206130674136e-05,8.74455811137329e-07,0,1.3710775709431918e-06,6.157743476941223e-07,1.468758461873955e-05,7.63374685569083e-06,6.454847488644808e-05,0.004719269429270476,0.0005050934703120561,0.0004154098673963759,2.564376327956723e-06,0,1.154155347294373e-05,0.00039206174438219886,4.518175880103014e-05,0.000286510913030343,4.200774692550042e-05,2.860446387682356e-05,5.5217725830461784e-05,1.886205781499024e-05,1.286696968482514e-06,1.5348072600281265e-05,2.8189825985956105e-06,5.079834896696585e-06,0,0,0,4.622819230803569e-07,2.1015586904295497e-06,0,1.0055489637431053e-05,0.0048220198719900196,0.005266139979284106,0.00430913301690656,0.0035305063165472013,0.0011038720854982499,0.0001735693885472528,5.34082089866594e-05,1.299632064234575e-05,1.1239951746592733e-05,0,8.69072834143554e-07,3.3410752306129224e-05,0,0,2.426227870852431e-06,2.059381495678523e-05,2.7042096515348867e-06,0,7.065644841049548e-06,4.49004622157575e-06,4.037006675614829e-06,2.9379475377799205e-07,0,8.556553530885955e-05,5.4428156512677945e-06,5.070538125440721e-07,0,0,7.532747299658402e-06,0,1.136148977328676e-05,6.838754691184602e-05,9.119492564072388e-05,1.8923586837596437e-06,0,0,0,0,8.52226779064829e-06,6.192936593063748e-07,1.6010065560867983e-06,6.889225124212744e-07,0,0,0,1.0486406461597665e-05,1.120771377396068e-06,0,4.059383033641181e-06,0,2.2679103641133922e-07,0,1.342931595301243e-06,0,6.854745555597768e-07,0,0,0,0,0,1.1556092348435324e-06,0,0,3.4141516135713034e-06,0,2.521189986019656e-07,5.300040775368487e-06,0,0,0,0,0,0,0,0,0,0,0,0,0,0,0,0,0,0,0,0,0,0,0,0,0,0,0,0,0,0,0,0,0,0,0,0,0,0,0,0,0,0,0,0,0,0,0,0,0,0,0,0,0,0,0,7.143233620537463e-07,0,0,0,0,0,0,0,0,0,0,0,0,0,0.00010411969174465457,4.191952637892033e-05,0.003712230642561404,0.0005050197900879754,0.00045745126593295523,0.015017108517874961,0.11078425990451542,0.001051018395940677,0.10197365808653645,0.2631452277752704,0.001180887913263803,0.0014139603541859758,5.773755977672422e-07,4.684824432895442e-05,0,0,0,0,0,0,0,0,0,0,0,0,0,0,0,0,0,0,0,0,0,0,0,0,0,0,0,0,0,0,0,0,0,0,0,0,0,0,0,0,0,0,0,0,0,0,0,0,0,0,0,0,0,0,0,0,0,0,0,0,0,0,0,0,0,0,0,0,0,0,0,0,0,0,0,0,0,0,0,2.4501266063713878e-05,6.6757315682423984e-06,1.1024204585680297e-05,2.879730403022977e-05,5.9607211740042965e-06,0,0,0,0,0,0,0,0,0,0,0,0,0,0,0,0,0,0,0,0,0,0,0,0,0,0,0,0,0,0,0,0,0,0,0,0,0,0,0,0,0,0,0,0,0,0,0,0,0,0,0,0,0,0,0,0,0,0,0,0,0,0,0,0,0,0,0,0,0,0,0,0,0,0,0,0,0,0,0,0,0,0,0,0,0,0,0,0,0,0,0,0,0,0,0,0,0,0,0,0,0,0,0,0,0,0,0,0,0,0,0,0,0,0,0,0,0,0,0,0,0,0,0,0,0,0,0,0,0,0,0,0,0,0,0,0,0,0,0,0,0,2.0160828034440007e-06,5.678293035388994e-05,5.155321630384327e-07,0,3.450972059816777e-06,0,0,0
0.000720025157502775,0.002144147359789334,0,9.367674970666795e-05,0,0.0009195870564387899,0,0.0008880907662887046,2.650855214403546e-05,0,0,0,0,0,0,0.002921355451581734,0,0.0015607789695376603,0.00011612799774406992,0,0,0,0,0,0,1.5118117126561517e-06,0,0,0,0,0,0,0,0,1.8406569313461349e-06,0,0,0,0,0,0,0,0,0,0,0,0,0,0,0,0,0,0,0,0,0,0,0,0,0,0,0,0,0,0,0,0,0,0,0,0,0,0,0,0,0,0,0,0,0,0,0,0,0,0,0,0,0,0,0,0,0,0,0,0,0,0,0,0,0,0,0,0,0,0,0,0,0,0,0,0,0,0,0,0,0,0,0,0,0,0,0,0,0,0,0,0,0,0,0,0,0,0,0,0,0,0,0,0,0,0,0,0,0,0,0,0,0,0,0,0,0,0,0,0,0,0,0,0,0,0,0,0,0,0,0,0,0,0,0,0,0,0,0,0,0,0,0,0,0,0,0,0,0,0,0,0,0,0,0,0,0,0,0,0,0,0,0,0,0,0,0,0,0,0,0,0,0,0,0,0,0,0,0,0,0,0,0,0,0,0,0.0002570507583020697,0.0002407231715351764,0,0.00022672568636411498,0.004694311803033439,3.4098811003314404e-06,8.387591614738906e-05,0,0,0,0,0,0,0,0,0,0,0,0,0,0,0,0,0,0,0,0,0,0,0,0,0,0,0,0,0,0,0,0,0,0,0,0,0,0,0,0,0,0,0,0,0,0,0,0,0,0,0,0,0,0,0,0,0,0,0,0,0,0,0,0,0,0,0,0,0,0,0,0,0,0,0,0,0,0,0,0,0,0,0,0,0,0,0,0,0,0,0,0,0,0,0,0,0,0,0,0,0,0,0,0,0,0,0,0,0,0,0,0,0,0,0,0,0,0,0,0,0,0,0,0,0,0,0,0,0,0,0,0,0,0,0,0,0,0,0,0,0,0,0,0,0,0,0,0,0,0,0,0,0,0,0,0,0,0,0,0,0,0,0,0,0,0,0,0,0,0,0,0,0,0,0,0,0,0,0,0,0,0,0,0,0,0,0,0,0,0,0,0,0,0,0,0,0,0,0,0,0,0,0,0,0,0,0,0,0,0,0,0,0,0,0,0,0,0,0,0,0,0,0,0,0,0,0,0,0,0,0,0,0,0,0
0.003553489813470789,0.009595003684677904,9.367674970666795e-05,0,0.004144539135558454,0.0023524940659371096,0.0017304920275932956,6.26877289472573e-05,4.466124629671199e-06,0,0,0.0007207615226819845,0.002621586926294148,0.0038974721944030925,0.0042751298296275,0.001620959441428702,3.888659773353688e-05,0.0018493256781243865,0.0002631192579937684,1.136612142697856e-06,1.7548293496862318e-06,0,1.5640459245988185e-05,3.2338752850032764e-06,3.101864456405678e-06,6.385068532303285e-05,0,6.132933192657028e-05,7.475225186655439e-05,4.404732948078863e-06,1.1650821241566686e-05,0,0,0.00011496946971644374,0.00022254572489281807,0.0001346445684178535,0,9.397795413493126e-06,0,0,2.6932193355521097e-05,8.432133986210234e-06,1.6750669510951094e-06,0,9.465794365524589e-07,0,0,0,0,0,0,0,0,0,0,0,1.9536605143736703e-05,0,0,0,0,0,0,0,3.71525101111818e-07,0,0,0,0,0,0,0,0,0,0,0,0,0,0,0,0.004864224824944106,0.000205821247433773,0.00011612898513608318,4.2240806552543376e-05,9.851056589056021e-06,1.7341653349073494e-05,0,3.846358612332016e-06,6.342607550097978e-06,1.3844163453436622e-05,1.499179507668766e-06,0,0,0,0,0,0,0,0,0,0,0,0,0,0,0,0,0,0,0,0,6.808892237013793e-07,2.991328205393565e-07,0,0,0,0,0,0,0,0,0,0,0,0,0,0,0,0,0,0,0,0,0,0,0,0,0,0,0,0,0,0,1.6488035799809291e-06,0,0,0,0,0,0,0,0,0,0,0,0,0,0,0,0,0,0,0,0,0,0,0,0,0,0,0,0,0,0,0,0,0,0,0,0,0,0,0,0,0,0,0,0,0,0,0,0,0,0,0,0,0,0,0,0,0,0,0,0,0,0,0,0,0,0,0,0,0,0,0,0,0,0,6.849231362714372e-06,3.631819297944737e-05,0,0.0058504056946916795,0.005376258672327995,2.4712817812436e-06,0.005160144549893663,0.04573450626868572,4.7323926990091825e-05,0.002334015511753406,0,0,0,0,0,0,0,0,0,0,0,0,0,0,0,0,0,0,0,0,0,0,0,0,0,0,0,0,0,0,0,0,0,0,0,0,0,0,0,0,0,0,0,0,0,0,0,0,0,0,0,0,0,0,0,0,0,0,0,0,0,0,0,0,0,0,0,0,0,0,0,0,0,0,0,0,0,0,0,0,0,3.093197655512328e-05,0,1.791974632545097e-06,0,0,0,0,0,0,0,0,0,0,0,0,0,0,0,0,0,0,0,0,0,0,0,0,0,0,0,0,0,0,0,0,0,0,0,0,0,0,0,0,0,0,0,0,0,0,0,0,0,0,0,0,0,0,0,0,0,0,0,0,0,0,0,0,0,0,0,0,0,0,0,0,0,0,0,0,0,0,0,0,0,0,0,0,0,0,0,0,0,0,0,0,0,0,0,0,0,0,0,0,0,0,0,0,0,0,0,0,0,0,0,0,0,0,0,0,0,0,0,0,0,0,0,0,0,0,0,0,0,0,0,0,0,0,0,0,0,0,0,0,0,0,0,0,2.4139725334235102e-05,0,0,4.743131521723347e-06,0,0,0
0.000488678878735898,0.0024159702449929603,0,0.004144539135558454,0,0.0031225893103143452,0.007353822427490325,0,0,2.9483803694580355e-05,2.9937947167824087e-05,0.004379645645843021,0.001969164564191469,0.0019041144165281763,0.001554720889534296,0.00015977696528571384,9.305374614807424e-06,0.00024728012755767493,0.00011265688574293348,0,6.470266458576939e-07,0,4.107612519831615e-06,1.2402372066869421e-05,3.923330384096142e-06,9.701972023117926e-05,4.236107913361599e-05,2.4722500832524695e-05,4.174838926902102e-05,1.4844946020668525e-05,0.00020337073512767515,0,1.1987470976357754e-05,0.0007007558254274298,0.0008400529914128853,0.0007524010513489012,3.4359569506925165e-06,0.00017252599553479412,2.9662731833455015e-06,8.968193086017748e-07,1.1940761238025561e-05,5.286506628304486e-06,2.32551310757198e-05,3.6740361350297806e-06,6.558872825816753e-06,0,0,0,5.684569294758582e-07,0,0,0,0,0,0,0,3.351028921399024e-06,4.125956107366485e-07,0,0,0,0,0,0,0,0,0,0,5.287395652441883e-07,0,3.934122322462443e-07,0,1.730363730570209e-06,0,0,0,0,0,0,0,0.00045357287725482034,0.0001815549819520013,1.2602933181978016e-05,8.044424770156145e-06,0,0,2.1486541858859973e-06,3.8944573745534816e-07,7.926982461543581e-07,2.152966126611851e-06,0,0,0,0,0,0,0,0,0,0,0,0,0,0,0,0,0,0,0,0,0,0,3.985295507728797e-07,0,0,0,0,0,1.4679380019516026e-07,1.5217130581214574e-07,0,0,0,0,0,0,0,0,0,0,0,0,0,0,0,0,0,0,0,0,0,0,0,0,0,0,0,0,0,0,0,0,0,0,0,0,0,0,0,0,0,0,0,0,0,0,0,0,0,0,0,0,0,0,0,0,0,0,0,0,0,0,0,0,0,0,0,0,0,0,0,0,0,0,0,0,0,0,0,0,0,0,0,0,0,0,0,0,0,0,0,0,0,0,0,0,0,0,1.773782322953137e-05,0,0,0.0013059076981715054,0.0007815284392878158,0,0.004399355183221565,0.017210733744959305,0,0.0014534141950028729,0,0,0,0,0,0,0,0,0,0,0,0,0,0,0,0,0,0,0,0,0,0,0,0,0,0,0,0,0,0,0,0,0,0,0,0,0,0,0,0,0,0,0,0,0,0,0,0,0,0,0,0,0,0,0,0,0,0,0,0,0,0,0,0,0,0,0,0,0,0,0,0,0,0,0,0,0,0,0,0,0,5.255778478625655e-06,0,0,0,0,0,0,0,0,0,0,0,0,0,0,0,0,0,0,0,0,0,0,0,0,0,0,0,0,0,0,0,0,0,0,0,0,0,0,0,0,0,0,0,0,0,0,0,0,0,0,0,0,0,0,0,0,0,0,0,0,0,0,0,0,0,0,0,0,0,0,0,0,0,0,0,0,0,0,0,0,0,0,0,0,0,0,0,0,0,0,0,0,0,0,0,0,0,0,0,0,0,0,0,0,0,0,0,0,0,0,0,0,0,0,0,0,0,0,0,0,0,0,0,0,0,0,0,0,0,0,0,0,0,0,0,0,0,0,0,0,0,0,0,0,0,0,1.0050907558175664e-05,0,0,0,0,0,0
0.0004290908101601394,0.08880247635840274,0.0009195870564387899,0.0023524940659371096,0.0031225893103143452,0,0.015174070999351,0.001723745706150272,0.002035061924272247,9.109307654211291e-06,1.1427738205669132e-05,0.0023648858015517115,0.003923245242630801,0.00018912517132891858,0.0007763406271236751,0.045789671204402554,0.0022237148940687733,0.008833969682384174,0.011128490313916647,9.391932195213777e-05,0.00010439206975122618,8.911207539029023e-06,0.0004894600941198634,0.00018053392246191415,0.00010202623441102376,0.004007031858288596,0.0005708458353423724,0.0007974442898066549,0.005619461648569892,0.003705938615797373,0.004862789131128878,6.643463204050947e-05,0.0002450879752213202,0.0006747378082940773,0.019608330653413723,0.003353772813857533,1.9728067286528744e-05,0.002237856766025802,1.6196234745870315e-06,3.031056774060128e-05,0.00013183583016555125,2.9630443866443586e-05,6.212338945756933e-05,1.2785639150247131e-05,1.5894483282177343e-05,0,1.686319983802653e-05,0,1.3315646098823894e-05,4.1848244840573303e-07,0,0,0,5.524320249977749e-07,1.7479231323550772e-05,4.979381858688753e-07,0.0003048738236616654,2.3100454443666416e-05,7.3846172716952015e-06,0,0,0,2.3412343594736026e-05,2.3293551111054755e-06,3.983906314586334e-06,2.2409095503199274e-06,0,0,6.039674196612063e-07,0,1.6195866850977802e-06,0,1.1997595299613163e-06,0,0,0,0,6.119542118369632e-07,0,0,0.0029774056949364316,0.0011595459215924583,0.0004310942307419572,8.414520252431512e-05,1.947184144593171e-05,0,1.2659588341645378e-06,0,0,0,0,2.2103653892967527e-06,0,0,0,3.031807823736155e-07,0,0,0,0,0,0,0,1.0610355546053237e-06,3.7865899356417834e-07,0,0,0,0,0,0,9.09625925010669e-05,4.543156217071827e-06,5.146795591796979e-07,0,1.7731512884702806e-07,0,0,2.6326931771898636e-06,1.5298241232440614e-06,0,8.386530717374076e-07,0,0,0,0,0,0,0,0,0,0,0,0,0,0,0,0,0,0,9.541491120523106e-08,0,0,1.9407500216671088e-07,2.6551720226172505e-07,0,0,0,0,0,0,0,0,0,0,0,0,0,0,0,0,0,0,0,0,0,0,0,0,0,0,0,0,0,0,0,0,0,0,0,0,0,0,0,0,0,0,0,0,0,0,0,0,0,0,0,0,0,0,0,0,0,0,0,0,0,0,0,0,0,0,0,0,0,0,0,1.7507543525324452e-05,1.4062124759105304e-06,0.00012082755369076708,2.6950305549037387e-05,7.863640383521827e-06,0.012922988623887627,0.02049023462761488,3.7833005804159493e-06,0.01143692352834,0.05207624795668156,8.133594085390479e-06,0.00017946818956774788,9.877606958573574e-07,0,0,0,0,0,0,0,0,0,0,0,0,0,0,0,0,0,0,0,0,0,0,0,0,0,0,0,0,0,0,0,0,0,0,0,0,0,0,0,0,0,0,0,0,0,0,0,0,0,0,0,0,0,0,0,0,0,0,0,0,0,0,0,0,0,0,0,0,0,0,0,0,0,0,0,0,0,0,0,0,0,0,1.6220673795916404e-05,0,0,0,0,0,0,0,0,0,0,0,0,0,0,0,0,0,0,0,0,0,0,0,0,0,0,0,0,0,0,0,0,0,0,0,0,0,0,0,0,0,0,0,0,0,0,0,0,0,0,0,0,0,0,0,0,0,0,0,0,0,0,0,0,0,0,0,0,0,0,0,0,0,0,0,0,0,0,0,0,0,0,0,0,0,0,0,0,0,0,0,0,0,0,0,0,0,0,0,0,0,0,0,0,0,0,0,0,0,0,0,0,0,0,0,0,0,0,0,0,0,0,0,0,0,0,0,0,0,0,0,0,0,0,0,0,0,0,0,0,0,0,0,0,4.944181299925282e-07,0,0,0,0,0,0
2.2238583347024565e-05,0.006472015314162483,0,0.0017304920275932956,0.007353822427490325,0.015174070999351,0,0.0003560906606138519,0.0005467901147368249,0.00031034873434894456,0.000613441562649731,0.014620565773732884,0.00562436466459322,0.0007979985607807261,0.00017180122088649236,0.004226401218964939,0.00016595921748220515,0.0013105650432711279,0.0011030906285775534,4.705286495927216e-06,2.462065121654454e-06,1.6014559916374818e-06,0.00011198369138526919,6.423094289020541e-05,7.123239634406919e-06,0.0002618686440002342,0.00019528868968199975,0.0003038456497964484,0.001060770962721531,0.003781336500029485,0.003268944761002564,4.674740658820541e-05,0.00024566405469983297,0.005832519679606233,0.004777578165445148,0.006608711744288174,0.00037433901458320737,0.005860554289815656,9.001903359817428e-05,9.750402763227121e-07,6.783491767841275e-05,2.7056420703009677e-05,0.00011272289665572224,8.577565543092367e-06,4.0726907543252154e-05,0,1.0830430915911964e-06,2.018349015575354e-07,7.396461806683039e-06,2.7713882480983346e-07,0,0,0,4.411962994230523e-06,5.9401175106656394e-06,5.749721408909436e-07,8.772682208521046e-05,1.4961690416630194e-05,0,0,0,0,1.5143516648198322e-06,0,0,0,0,0,5.160296989537436e-07,0,4.5942873985010865e-06,0,1.1231630531801997e-06,0,0,0,0,0,0,0,0.0016709254634439026,0.00014090315646151218,1.8087961537534122e-05,1.5570708579245865e-05,0,0,2.378079071825455e-07,0,0,0,0,0,0,0,0,0,0,0,0,0,0,0,0,9.127833153804039e-07,7.647867965138321e-07,0,0,0,0,0,2.4673936902281386e-07,2.6168395390315948e-05,2.9096526459053684e-06,1.7812527639883236e-07,0,1.926145103127041e-07,0,0,1.9992212185851678e-07,1.5725455373285675e-07,0,1.1273461488286293e-07,0,0,0,0,0,0,0,0,0,0,0,0,0,0,0,0,0,0,2.98789262828579e-07,0,0,3.515953546055057e-07,0,0,0,0,0,0,0,0,0,0,0,0,0,0,0,0,0,0,0,0,0,0,0,0,0,0,0,0,0,0,0,0,0,0,0,0,0,0,0,0,0,0,0,0,0,0,0,0,0,0,0,0,0,0,0,0,0,0,0,0,0,0,0,0,0,0,0,0,0,0,0,0,3.834804915336062e-06,0,7.346908853650033e-06,0,0,0.0003707262736651957,0.000157765501702585,0,0.0037273311645706127,0.01025183184752078,9.472057454535072e-07,0.00039773727350750853,0,0,0,0,0,0,0,0,0,0,0,0,0,0,0,0,0,0,0,0,0,0,0,0,0,0,0,0,0,0,0,0,0,0,0,0,0,0,0,0,0,0,0,0,0,0,0,0,0,0,0,0,0,0,0,0,0,0,0,0,0,0,0,0,0,0,0,0,0,0,0,0,0,0,0,0,0,0,0,0,0,0,0,0,0,0,0,0,0,0,0,0,0,0,0,0,0,0,0,0,0,0,0,0,0,0,0,0,0,0,0,0,0,0,0,0,0,0,0,0,0,0,0,0,0,0,0,0,0,0,0,0,0,0,0,0,0,0,0,0,0,0,0,0,0,0,0,0,0,0,0,0,0,0,0,0,0,0,0,0,0,0,0,0,0,0,0,0,0,0,0,0,0,0,0,0,0,0,0,0,0,0,0,0,0,0,0,0,0,0,0,0,0,0,0,0,0,0,0,0,0,0,0,0,0,0,0,0,0,0,0,0,0,0,0,0,0,0,0,0,0,0,0,0,0,0,0,0,1.3000464410978804e-06,0,0,0,0,0,0
3.053497561904903e-05,0.0024774834818759414,0.0008880907662887046,6.26877289472573e-05,0,0.001723745706150272,0.0003560906606138519,0,0.001396678276293625,0,0,0,0,0,0,0.007667019469582346,0.0008104839707800352,0.003810769694215019,0.000900816793039998,1.6268411385845596e-05,1.2120873947659686e-05,1.7613423558728192e-06,0.00015423432345248154,2.4272262162235548e-05,1.4884853114947379e-05,0.00046225278832686556,7.470246831648335e-05,4.8231286188468e-05,0.001615830459508023,0.0007429236972109221,0.00037963126334968967,7.44214082857344e-05,0,1.9978310005112663e-05,0.0025500041013491507,0.00030433985532738074,0,0.00016272989713474181,0,1.9499249273711606e-06,6.953181008906696e-07,2.7136298953423024e-06,5.234740614854829e-06,0,0,0,0,0,0,0,0,0,0,9.077438093646576e-07,2.0180627914202186e-06,0,6.392685180257978e-05,6.5311515298126215e-06,0,0,0,0,1.174346665256727e-06,0,2.5165498792012514e-06,0,0,0,0,0,1.0458343056863678e-06,0,0,0,0,0,0,0,0,2.0628709989319957e-07,1.2416119439813879e-05,0,3.361011067033533e-06,0,0,0,0,0,0,0,0,0,0,0,0,1.1764659361183303e-06,0,0,0,0,0,0,0,1.963616129700429e-07,0,0,0,0,0,0,0,4.90678838704429e-07,5.045950401702576e-07,2.4254725295720985e-07,0,2.2288860243227696e-07,0,0,2.723092745980858e-07,0,0,0,0,0,0,0,0,0,0,0,0,0,0,0,0,0,0,0,0,0,0,0,0,0,0,0,0,0,0,0,0,0,0,0,0,0,0,0,0,0,0,0,0,0,0,0,0,0,0,0,0,0,0,0,0,0,0,0,0,0,0,0,0,0,0,0,0,0,0,0,0,0,0,0,0,0,0,0,0,0,0,0,0,0,0,0,0,0,0,0,0,0,0,0,0,0,0,0,6.771296206503139e-07,0,0,3.501436741456961e-06,0.00011743948142286677,0,7.561158012027783e-05,0.00015751614984397378,0,0,0,0,0,0,0,0,0,0,0,0,0,0,0,0,0,0,0,0,0,0,0,0,0,0,0,0,0,0,0,0,0,0,0,0,0,0,0,0,0,0,0,0,0,0,0,0,0,0,0,0,0,0,0,0,0,0,0,0,0,0,0,0,0,0,0,0,0,0,0,0,0,0,0,0,0,0,0,0,0,0,0,0,0,0,0,0,0,0,0,0,0,0,0,0,0,0,0,0,0,0,0,0,0,0,0,0,0,0,0,0,0,0,0,0,0,0,0,0,0,0,0,0,0,0,0,0,0,0,0,0,0,0,0,0,0,0,0,0,0,0,0,0,0,0,0,0,0,0,0,0,0,0,0,0,0,0,0,0,0,0,0,0,0,0,0,0,0,0,0,0,0,0,0,0,0,0,0,0,0,0,0,0,0,0,0,0,0,0,0,0,0,0,0,0,0,0,0,0,0,0,0,0,0,0,0,0,0,0,0,0,0,0,0,0,0,0,0,0,0,0,0,0,0,0,0,0,0,0,0,0,0,0,0,0,0
0,0.0004361368103142299,2.650855214403546e-05,4.466124629671199e-06,0,0.002035061924272247,0.0005467901147368249,0.001396678276293625,0,0,0,1.8184642113107274e-05,0,0,0,0.004036396826327812,0.0002994843937941333,0.001369118847413524,0.0008549891396562511,6.179353719356396e-06,1.2167986837407866e-05,0,7.611549267711891e-05,6.182343997848951e-06,7.99270038255406e-06,0.0003341494831487252,2.8011122833675953e-05,6.002187861131064e-05,0.0007364006827725174,0.002193031096991735,0.0007154598657957378,3.1667207304069275e-06,0,0,0.004906748972160983,0.0009171830628985155,0,1.6761526571712538e-06,0,0,0,0,0,0,0,0,8.794590911542216e-07,0,0,0,0,0,0,8.493671900419895e-07,1.8603332488551263e-06,0,4.639144899270572e-05,6.379060954335359e-06,0,0,0,0,0,0,3.1255398489954605e-07,0,0,0,0,0,1.0232849008279958e-06,0,0,0,0,0,0,0,0,2.489775952615019e-07,0,0,0,0,0,0,0,0,0,0,0,0,0,0,0,0,0,0,0,0,0,0,0,2.6319985294730706e-07,0,0,0,0,0,0,0,0,2.7365585113137414e-07,2.775645292814609e-07,0,2.3195751829372934e-07,0,0,0,0,0,0,0,0,0,0,0,0,0,0,0,0,0,0,0,0,0,0,0,0,0,0,0,0,0,0,0,0,0,0,0,0,0,0,0,0,0,0,0,0,0,0,0,0,0,0,0,0,0,0,0,0,0,0,0,0,0,0,0,0,0,0,0,0,0,0,0,0,0,0,0,0,0,0,0,0,0,0,0,0,0,0,0,0,0,0,0,0,0,0,0,0,0,0,0,0,0,0,0,0,0,3.6191981592464068e-06,0.00011883007958941875,0,1.9788862723461322e-05,2.0734176219184263e-05,0,0,0,0,0,0,0,0,0,0,0,0,0,0,0,0,0,0,0,0,0,0,0,0,0,0,0,0,0,0,0,0,0,0,0,0,0,0,0,0,0,0,0,0,0,0,0,0,0,0,0,0,0,0,0,0,0,0,0,0,0,0,0,0,0,0,0,0,0,0,0,0,0,0,0,0,0,0,0,0,0,0,0,0,0,0,0,0,0,0,0,0,0,0,0,0,0,0,0,0,0,0,0,0,0,0,0,0,0,0,0,0,0,0,0,0,0,0,0,0,0,0,0,0,0,0,0,0,0,0,0,0,0,0,0,0,0,0,0,0,0,0,0,0,0,0,0,0,0,0,0,0,0,0,0,0,0,0,0,0,0,0,0,0,0,0,0,0,0,0,0,0,0,0,0,0,0,0,0,0,0,0,0,0,0,0,0,0,0,0,0,0,0,0,0,0,0,0,0,0,0,0,0,0,0,0,0,0,0,0,0,0,0,0,0,0,0,0,0,0,0,0,0,0,0,0,0,0,0,0,0,0,0,0,0,0,0
0,0,0,0,2.9483803694580355e-05,9.109307654211291e-06,0.00031034873434894456,0,0,0,0.0003584373155053252,0.002317317826875211,0,0,0,1.006030910081187e-06,5.612800495687846e-07,3.4070506120150865e-06,5.11245506760994e-07,0,0,0,0,0,0,0,0,0,0,0,8.338664980498723e-05,2.1967168755197864e-06,7.106437504143105e-05,0.0005102492132251644,0.000112274323146603,0,0.0004016674671683309,0.0002660068685701478,3.0733215797264314e-05,0,4.307655162432449e-06,0,0,0,0,0,0,0,0,0,0,0,0,0,0,0,0,0,0,0,0,0,0,0,0,0,0,0,0,0,0,0,0,0,0,0,0,0,0,0,0,1.1849857200717668e-05,0,0,0,0,0,0,0,0,0,0,0,0,0,0,0,0,0,0,0,0,0,0,0,0,0,0,0,0,0,0,0,0,0,0,0,0,0,0,0,0,0,0,0,0,0,0,0,0,0,0,0,0,0,0,0,0,0,0,0,0,0,0,0,0,0,0,0,0,0,0,0,0,0,0,0,0,0,0,0,0,0,0,0,0,0,0,0,0,0,0,0,0,0,0,0,0,0,0,0,0,0,0,0,0,0,0,0,0,0,0,0,0,0,0,0,0,0,0,0,0,0,0,0,0,0,0,0,0,0,0,0,0,0,0,0,0,0,0,0,0,0,0,1.661205858580545e-05,1.2141971098101488e-05,0,0,0,0,0,0,0,0,0,0,0,0,0,0,0,0,0,0,0,0,0,0,0,0,0,0,0,0,0,0,0,0,0,0,0,0,0,0,0,0,0,0,0,0,0,0,0,0,0,0,0,0,0,0,0,0,0,0,0,0,0,0,0,0,0,0,0,0,0,0,0,0,0,0,0,0,0,0,0,0,0,0,0,0,0,0,0,0,0,0,0,0,0,0,0,0,0,0,0,0,0,0,0,0,0,0,0,0,0,0,0,0,0,0,0,0,0,0,0,0,0,0,0,0,0,0,0,0,0,0,0,0,0,0,0,0,0,0,0,0,0,0,0,0,0,0,0,0,0,0,0,0,0,0,0,0,0,0,0,0,0,0,0,0,0,0,0,0,0,0,0,0,0,0,0,0,0,0,0,0,0,0,0,0,0,0,0,0,0,0,0,0,0,0,0,0,0,0,0,0,0,0,0,0,0,0,0,0,0,0,0,0,0,0,0,0,0,0,0,0,0,0,0,0,0,0,0,0,0,0,0,0,0,0,0,0,0
0,8.252391591705526e-05,0,0,2.9937947167824087e-05,1.1427738205669132e-05,0.000613441562649731,0,0,0.0003584373155053252,0,0.0022582652980127687,9.340516741075303e-05,1.0595159095534159e-05,0,2.4839391665673605e-05,3.5796596432125088e-06,2.2659234477880784e-06,0,1.2830145243948863e-06,0,0,1.1065790549627446e-05,3.749642469181618e-06,0,3.488349950389015e-05,5.224981525973573e-06,0.00016977369883520684,0.00038947193440051834,7.936633477516145e-05,0.0029709876797150685,0.0001740831734638556,0.0011083891579562054,0.006160689182677181,0.0019783694180361034,0.00019120702069988027,0.0032181044852363522,0.0026939833176903055,0.000668169926856341,0.00020288028013249514,0.0001591241812713371,3.121903157078566e-05,3.9685197003866674e-05,3.7117719742788894e-06,1.1851880021031135e-05,4.0490342548732703e-07,1.44046432481139e-06,0,0,0,0,0,0,0,0,0,5.490236531115199e-07,0,0,0,0,0,0,0,0,0,0,0,0,0,0,0,0,0,0,0,0,0,0,0,1.2105704603826668e-05,9.371966178915213e-05,0,0,0,0,0,0,0,0,0,0,0,0,0,0,0,0,0,0,0,0,0,0,0,0,0,0,0,0,0,0,0,0,0,0,0,0,0,0,0,0,0,0,0,0,0,0,0,0,0,0,0,0,0,0,0,0,0,0,0,0,0,0,0,0,0,0,0,0,0,0,0,0,0,0,0,0,0,0,0,0,0,0,0,0,0,0,0,0,0,0,0,0,0,0,0,0,0,0,0,0,0,0,0,0,0,0,0,0,0,0,0,0,0,0,0,0,0,0,0,0,0,0,0,0,0,0,0,0,0,0,0,0,0,0,0,0,1.0798389742267867e-06,0,0,0,6.262049245235595e-05,0,5.039102211448346e-05,4.5606458617658624e-05,0,3.310033618361301e-06,0,0,0,0,0,0,0,0,0,0,0,0,0,0,0,0,0,0,0,0,0,0,0,0,0,0,0,0,0,0,0,0,0,0,0,0,0,0,0,0,0,0,0,0,0,0,0,0,0,0,0,0,0,0,0,0,0,0,0,0,0,0,0,0,0,0,0,0,0,0,0,0,0,0,0,0,0,0,0,0,0,0,0,0,0,0,0,0,0,0,0,0,0,0,0,0,0,0,0,0,0,0,0,0,0,0,0,0,0,0,0,0,0,0,0,0,0,0,0,0,0,0,0,0,0,0,0,0,0,0,0,0,0,0,0,0,0,0,0,0,0,0,0,0,0,0,0,0,0,0,0,0,0,0,0,0,0,0,0,0,0,0,0,0,0,0,0,0,0,0,0,0,0,0,0,0,0,0,0,0,0,0,0,0,0,0,0,0,0,0,0,0,0,0,0,0,0,0,0,0,0,0,0,0,0,0,0,0,0,0,0,0,0,0,0,0,0,0,0,0,0,0,0,0,0,0,0,0,0,0,0,0,0,0,0
0,0.005308808334202872,0,0.0007207615226819845,0.004379645645843021,0.0023648858015517115,0.014620565773732884,0,1.8184642113107274e-05,0.002317317826875211,0.0022582652980127687,0,0.0008915409682335463,0.0009748977590193493,0.0004813253180231398,0.0030175079496364593,0.0002754554520915003,0.00012656217541122584,0.00033996541894788367,1.3073509823399058e-05,0.00010995386817491131,1.8684090470266206e-06,0.0001828949587040145,6.017593605593832e-05,1.5564705759446167e-05,0.0004580511853939891,9.437378930328575e-05,0.0011690367811345054,0.0023115262981885805,0.0007158204267385429,0.011248178010037553,0.0001493761765077284,0.003107998280875955,0.019978251306031775,0.022908895747278193,0.012201974028495854,0.003796292459787114,0.007940070777211273,0.001050824616328022,0.0003356245327097234,0.0005386345702200685,3.68906091827243e-05,0.00018989105183182388,2.4990765717204293e-05,0.00018549635551139338,2.6438421107249972e-05,3.398607111178911e-05,6.278811847667612e-07,1.7117357439545578e-05,0,0,3.3277029574727515e-06,0,2.5667151985915143e-07,1.0244363498010114e-05,1.7570425731855701e-06,7.988740503806498e-05,3.144825054770443e-05,9.36631841325146e-06,0,0,1.2928532004443387e-06,9.316070922798755e-06,6.9101814630847e-07,1.40936949602102e-06,0,0,0,5.413899186056336e-07,0,1.5557776599679456e-06,0,1.8375977610588233e-06,0,0,0,0,3.825861072955629e-06,0,2.798221555448925e-07,0.0014992619579771434,0.0050936732463367895,0.0013065487157629802,8.50657312299861e-05,2.1723245894077427e-05,2.9384413244903072e-06,8.020804571951458e-06,0,3.836574770947369e-06,3.746332728858691e-07,0,0,0,0,0,0,0,0,0,0,0,0,0,0,0,0,0,0,0,0,0,1.1113190759337824e-06,1.0862567113989835e-06,2.8120165640182314e-07,0,2.535705464834287e-07,0,0,2.3261346519686902e-07,0,0,0,0,0,0,0,0,0,0,0,0,0,0,0,0,0,0,0,0,0,0,0,0,0,0,0,5.76451559650191e-07,0,0,0,0,0,0,0,0,0,0,0,0,0,0,0,0,0,0,0,0,0,0,0,0,0,0,0,0,0,0,0,0,0,0,0,0,0,0,0,0,0,0,0,0,0,0,0,0,0,0,0,0,0,0,0,0,0,0,0,0,0,0,0,0,0,0,0,0,0,0,0,9.686279597177353e-05,4.806109646089766e-07,0,0.00016898682305516437,0.005146453731676039,5.349815783233322e-07,0.008027940801689464,0.008494587203176678,2.144918236082357e-06,0.0002702981666179494,0,0,0,0,0,0,0,0,0,0,0,0,0,0,0,0,0,0,0,0,0,0,0,0,0,0,0,0,0,0,0,0,0,0,0,0,0,0,0,0,0,0,0,0,0,0,0,0,0,0,0,0,0,0,0,0,0,0,0,0,0,0,0,0,0,0,0,0,0,0,0,0,0,0,0,0,0,0,0,0,0,1.0480389819149787e-05,2.9181060273438324e-05,1.0811268321322575e-05,4.557012236042612e-07,0,0,0,0,0,0,0,0,0,0,0,0,0,0,0,0,0,0,0,0,0,0,0,0,0,0,0,0,0,0,0,0,0,0,0,0,0,0,0,0,0,0,0,0,0,0,0,0,0,0,0,0,0,0,0,0,0,0,0,0,0,0,0,0,0,0,0,0,0,0,0,0,0,0,0,0,0,0,0,0,0,0,0,0,0,0,0,0,0,0,0,0,0,0,0,0,0,0,0,0,0,0,0,0,0,0,0,0,0,0,0,0,0,0,0,0,0,0,0,0,0,0,0,0,0,0,0,0,0,0,0,0,0,0,0,0,0,0,0,0,0,0,0,1.0325388372367706e-05,0,0,0,0,0,0
0,0.00020360929028137088,0,0.002621586926294148,0.001969164564191469,0.003923245242630801,0.00562436466459322,0,0,0,9.340516741075303e-05,0.0008915409682335463,0,0.0009990186914386274,0.0010504143489953608,0.00029023567993942965,5.625063264520997e-06,4.789570902018258e-05,0.00011791902361713483,0,0,0,0,0,0,7.160714352138934e-06,1.3521953624971732e-06,0,2.690572356173172e-05,2.130863689567879e-05,1.3486360879825922e-05,0,0,0.00032813197287923703,0.0011319838191159706,0.0006786416828170937,0,2.3760149727666175e-05,0,0,0,0,1.006296123869939e-06,0,3.9042084631522063e-07,0,0,0,0,0,0,0,0,0,0,0,0,0,0,0,0,0,0,0,0,0,0,0,0,0,0,0,0,0,0,0,0,0,0,0,0.00020550684698131694,0.00047797226764762386,6.546772045237136e-05,2.354538961146535e-06,1.0927830705712514e-05,1.997009688866887e-06,4.794843700019215e-06,3.0297925980366022e-06,8.451359750020537e-07,3.397729615760653e-06,3.642136751666611e-07,0,0,0,0,0,0,0,0,0,0,0,0,0,0,0,0,0,0,0,0,0,0,0,0,0,0,0,0,0,0,0,0,0,0,0,0,0,0,0,0,0,0,0,0,0,0,0,0,0,0,0,0,0,0,0,0,0,0,0,0,0,0,0,0,0,0,0,0,0,0,0,0,0,0,0,0,0,0,0,0,0,0,0,0,0,0,0,0,0,0,0,0,0,0,0,0,0,0,0,0,0,0,0,0,0,0,0,0,0,0,0,0,0,0,0,0,0,0,0,0,0,0,0,0,0,0,0,0,0,0,1.076454599364957e-05,9.672338112126788e-05,4.539141567356654e-07,0.008341838010237598,0.004948414175488327,0,0.0010544243734283436,3.90122301269075e-07,0,0,0,0,0,0,0,0,0,0,0,0,0,0,0,0,0,0,0,0,0,0,0,0,0,0,0,0,0,0,0,0,0,0,0,0,0,0,0,0,0,0,0,0,0,0,0,0,0,0,0,0,0,0,0,0,0,0,0,0,0,0,0,0,0,0,0,0,0,0,0,0,0,0,0,0,0,0,0,0,0,0,0,0,0,0,0,0,0,0,0,0,0,0,0,0,0,0,0,0,0,0,0,0,0,0,0,0,0,0,0,0,0,0,0,0,0,0,0,0,0,0,0,0,0,0,0,0,0,0,0,0,0,0,0,0,0,0,0,0,0,0,0,0,0,0,0,0,0,0,0,0,0,0,0,0,0,0,0,0,0,0,0,0,0,0,0,0,0,0,0,0,0,0,0,0,0,0,0,0,0,0,0,0,0,0,0,0,0,0,0,0,0,0,0,0,0,0,0,0,0,0,0,0,0,0,0,0,0,0,0,0,0,0,0,0,0,0,0,0,0,0,0,0,0,0,0,0,0,0,0,0,0,0
2.970606764688217e-05,2.7873449458809837e-05,0,0.0038974721944030925,0.0019041144165281763,0.00018912517132891858,0.0007979985607807261,0,0,0,1.0595159095534159e-05,0.0009748977590193493,0.0009990186914386274,0,0.0008209550958197022,0,0,0,0,0,6.378062914981905e-07,0,1.404739780963837e-06,5.298934009811863e-07,0,8.639083452467476e-07,0,0,0,0,6.9654845028172525e-06,0,1.243758425357301e-06,0.0003967818172602462,0.00022768789645831445,0.000205523784776316,0,2.308501706569877e-05,1.509246429282207e-06,0,1.71640054959429e-06,4.525278164013017e-07,3.435446311659219e-06,0,1.9004741045642331e-06,0,0,0,0,0,0,0,0,0,0,0,0,0,0,0,0,0,0,0,0,0,0,0,0,0,0,0,4.853078353011696e-07,0,0,0,0,0,0,0,0.00018685592755423656,5.902397429316171e-06,0,0,9.699782840436197e-07,6.709019245278813e-06,9.770482296148229e-06,3.4374481118734435e-06,1.9913952867822618e-06,8.494057989541105e-06,1.811921719234642e-06,0,0,0,0,0,0,0,0,0,0,0,0,0,0,0,0,0,0,0,0,0,0,0,0,0,0,0,0,0,0,0,0,0,0,0,0,0,0,0,0,0,0,0,0,0,0,0,0,0,0,0,0,9.88849383449398e-07,0,0,6.27829928957083e-07,0,0,0,0,0,0,0,0,0,0,0,0,0,0,0,0,0,0,0,0,0,0,0,0,0,0,0,0,0,0,0,0,0,0,0,0,0,0,0,0,0,0,0,0,0,0,0,0,0,0,0,0,0,0,0,0,0,0,0,0,0,0,0,0,0,0,0,0,0,0,0,0,0,0,1.4609627273386366e-05,3.839731622835459e-06,7.342268191997469e-07,0.0049029237713036624,0.0025890149886702804,0,0.0008901152623942842,1.0035409337270657e-06,0,0,0,0,0,0,0,0,0,0,0,0,0,0,0,0,0,0,0,0,0,0,0,0,0,0,0,0,0,0,0,0,0,0,0,0,0,0,0,0,0,0,0,0,0,0,0,0,0,0,0,0,0,0,0,0,0,0,0,0,0,0,0,0,0,0,0,0,0,0,0,0,0,0,0,0,0,0,0,0,0,0,0,0,0,0,0,0,0,0,0,0,0,0,0,0,0,0,0,0,0,0,0,0,0,0,0,0,0,0,0,0,0,0,0,0,0,0,0,0,0,0,0,0,0,0,0,0,0,0,0,0,0,0,0,0,0,0,0,0,0,0,0,0,0,0,0,0,0,0,0,0,0,0,0,0,0,0,0,0,0,0,0,0,0,0,0,0,0,0,0,0,0,0,0,0,0,0,0,0,0,0,0,0,0,0,0,0,0,0,0,0,0,0,0,0,0,0,0,0,0,0,0,0,0,0,0,0,0,0,0,0,0,0,0,0,0,0,0,0,0,0,0,0,0,0,0,3.039038012435574e-06,0,0,0,0,0,0
0.00019398092178567135,0.00014412295305328725,0,0.0042751298296275,0.001554720889534296,0.0007763406271236751,0.00017180122088649236,0,0,0,0,0.0004813253180231398,0.0010504143489953608,0.0008209550958197022,0,4.665909252886818e-05,1.5355222540568355e-05,3.587312451005361e-05,4.232812686715562e-05,0,0,0,0,0,0,0,0,0,1.9253381699988657e-05,0,0,0,0,7.470928460012229e-06,2.4677273150983953e-05,2.3757091723214212e-05,0,0,0,0,0,0,0,0,0,0,1.1839226952832893e-05,0,0,0,0,0,0,0,0,0,0,0,0,0,0,0,0,0,0,0,0,0,0,0,0,0,0,0,0,0,0,0,0,0,0.0017609503073758783,0.0003123739088595441,2.7450719251742837e-05,4.969456013064837e-05,0.0001191559879681359,1.080453180779988e-05,4.887468716299112e-06,1.145404212343993e-05,1.6490665435445743e-06,5.21096814649158e-06,0,0,0,0,0,0,0,0,0,0,0,0,0,0,0,0,0,0,0,0,0,0,0,0,0,0,0,0,0,0,0,0,0,0,0,0,0,0,0,0,0,0,0,0,0,0,0,0,0,0,0,0,0,0,0,0,1.8821874662995822e-06,0,0,0,0,0,0,0,0,0,0,0,0,0,0,0,0,0,0,0,0,0,0,0,0,0,0,0,0,0,0,0,0,0,0,0,0,0,0,0,0,0,0,0,0,0,0,0,0,0,0,0,0,0,0,0,0,0,0,0,0,0,0,0,0,0,0,0,0,0,0,0,0,0,0,1.9565991493452952e-05,8.673310334343088e-05,0,0.0027720629776507733,0.005051377648539722,3.955603207789768e-06,0.0005986906400755635,0,0,0,0,0,0,0,0,0,0,0,0,0,0,0,0,0,0,0,0,0,0,0,0,0,0,0,0,0,0,0,0,0,0,0,0,0,0,0,0,0,0,0,0,0,0,0,0,0,0,0,0,0,0,0,0,0,0,0,0,0,0,0,0,0,0,0,0,0,0,0,0,0,0,0,0,0,0,0,0,0,0,0,0,0,0,0,0,0,0,0,0,0,0,0,0,0,0,0,0,0,0,0,0,0,0,0,0,0,0,0,0,0,0,0,0,0,0,0,0,0,0,0,0,0,0,0,0,0,0,0,0,0,0,0,0,0,0,0,0,0,0,0,0,0,0,0,0,0,0,0,0,0,0,0,0,0,0,0,0,0,0,0,0,0,0,0,0,0,0,0,0,0,0,0,0,0,0,0,0,0,0,0,0,0,0,0,0,0,0,0,0,0,0,0,0,0,0,0,0,0,0,0,0,0,0,0,0,0,0,0,0,0,0,0,0,0,0,0,0,0,0,0,0,0,0,0,0,2.8006813743496913e-06,0,0,0,0,0,0
5.645429003850243e-05,0.040161368048384015,0.002921355451581734,0.001620959441428702,0.00015977696528571384,0.045789671204402554,0.004226401218964939,0.007667019469582346,0.004036396826327812,1.006030910081187e-06,2.4839391665673605e-05,0.0030175079496364593,0.00029023567993942965,0,4.665909252886818e-05,0,0.08972527070280142,0.019527673049798962,0.056419735470547766,0.019013417523095683,0.0898870474974909,0.013847970855294984,0.14236153205397692,0.039063589571032196,0.03953910986680034,0.3883157336407005,0.08256716369094205,0.1945572325683043,0.13068583759149432,0.03521836991659428,0.16667837258762366,0.005261380225263687,0.001477027633832046,0.00030619705311942674,0.02344241708469922,0.0004493470805262746,0.00013190667368384105,0.04082174251563151,0.001246542703293564,0.0023242579976415867,0.023272438225888613,0.004311358053045117,0.01314807452545859,0.00605377230686864,0.0016765311270185359,3.4991110903495674e-05,0.00641987296585087,1.4980079518228659e-05,0.0003063557617648268,4.039498805280424e-06,0,2.3958834510195264e-05,2.189246223131884e-06,0.00010115885194780383,0.00012502765951619873,0.0003832566713894514,0.04025128401593532,0.004690937786520376,0.011211110622268997,4.324393576794022e-05,5.0045234170236146e-05,0.0005145377148035847,0.002249788583702711,0.0009356413957439656,0.0019152937474358827,0.00043888556177708966,0.00029626897626620826,0.00042528676020693113,0.00010755465689835336,4.667257728750004e-06,0.0001267902960617954,1.1647103843600508e-05,2.5629558837466423e-05,0,0,2.102717726719912e-06,6.94732656486717e-06,3.539326843679372e-05,8.065374676864517e-06,5.225329442857314e-05,0.006199496933436154,0.01523692228469681,0.010125730356839384,0.012302144657457085,0.008151427925092079,0.002119541267632154,0.00044598024971604446,0.0001412584669911751,4.4589272114491384e-05,8.65858743839946e-07,1.03466104449477e-06,0.000746780014306952,3.3634906969546704e-05,4.654308649957394e-05,0.0002672204586127335,0.0002958309563172909,4.833062492726519e-05,1.340702569874575e-06,8.190665491102074e-05,1.2411215909078768e-05,3.0407770718005667e-05,2.5873609013040106e-06,0,0.0004685975821932947,4.6810560510074736e-05,1.033890319843359e-05,1.5436784362210147e-06,6.331103711643743e-06,0.00015947777321275865,6.26400812112881e-05,0.00013289890003947584,0.00015821099741486263,0.00033432403183788817,1.1932954741350135e-05,3.286187475522274e-07,1.2709854669947136e-06,0,3.867768224937763e-07,1.920562413132991e-05,1.896246081674326e-06,8.515782206070912e-07,4.540157455846366e-06,1.4186235933366232e-06,0,0,7.951480409123458e-05,5.508911842773427e-06,8.757447897456806e-06,5.9784811494467085e-05,1.532632131372021e-06,1.8172279676265766e-06,0,6.777660501942048e-06,0,1.5201932458549383e-06,0,0,0,3.7760463855211603e-06,0,7.9028310556348e-06,0,1.935295212395725e-06,9.159932230026794e-06,1.6570775378186564e-06,1.4618446136618005e-06,1.0177935817917113e-05,0,0,0,0,0,0,0,0,0,0,0,0,0,0,0,0,0,0,0,0,0,0,0,0,1.8714173499186817e-06,0,0,0,0,0,0,0,0,0,0,0,0,0,0,0,0,0,0,0,0,0,0,0,0,0,0,0,0,0,0,2.4021294513468562e-06,0,0,0,0,0,0,0,0,0,0,0,0,0,0.00037038776356910895,0.00014510659778951284,0.013945260264558114,6.579382844363142e-05,1.5987294238441562e-05,0.0034254313962087763,0.0903942998961661,0.0017176181316275636,0.1258597309000504,0.1125081803240702,0.0011934493092154636,5.2976944437786815e-05,1.861734536156313e-06,1.1293351704121692e-06,0,0,0,0,0,0,0,0,0,0,0,0,0,0,0,0,0,0,0,0,0,0,0,0,4.791932256831442e-07,1.3825321364987211e-06,0,0,0,0,2.47242080614151e-07,0,0,0,0,0,2.3421034742180694e-07,0,0,0,0,0,0,2.3828869881816105e-07,1.1438402662267678e-06,0,0,0,0,0,0,0,0,0,1.9963477891975638e-07,4.0315614359764903e-07,0,0,0,0,0,0,0,0,0,0,0,0,0,0,0,0,0,0,0,0,0,0,0,1.980368013419466e-05,0,4.808398431669205e-05,0.0001970461689605071,4.145162968600936e-05,2.9337188015993824e-06,0,0,6.041364471144035e-07,0,0,0,0,0,0,0,0,0,0,0,0,0,0,0,0,0,0,0,0,0,0,0,0,0,0,0,0,0,0,0,0,0,0,0,0,0,0,0,0,0,0,0,0,0,0,0,0,0,0,0,0,0,0,0,0,0,0,0,0,0,0,0,0,0,0,0,0,0,0,0,0,0,0,0,0,0,0,0,0,0,0,0,0,0,0,0,0,0,0,0,0,0,0,0,0,0,0,0,0,0,0,0,0,0,0,0,0,0,0,0,0,0,0,0,0,0,0,0,0,0,0,0,0,0,0,0,0,0,0,0,0,0,0,0,0,0,6.978651363944995e-06,0.00015189137884199014,0,0,7.559632412080386e-07,0,0,0
0,0.006082759811122156,0,3.888659773353688e-05,9.305374614807424e-06,0.0022237148940687733,0.00016595921748220515,0.0008104839707800352,0.0002994843937941333,5.612800495687846e-07,3.5796596432125088e-06,0.0002754554520915003,5.625063264520997e-06,0,1.5355222540568355e-05,0.08972527070280142,0,0.031566033721674276,0.136192702449929,0.14646637237524016,0.23540784234546702,0.1794430986067737,0.26513235503961113,0.013193002239900546,0.023063106885949775,0.3429270074946671,0.04425747669181706,0.07381242962048364,0.07513183276985505,0.011132691143280998,0.03139110966381895,0.0006775635336213396,0.00011601432646063061,2.0711122463950458e-05,0.0018979180092250883,8.114965489873288e-05,8.209197562279298e-06,0.0032217206800641495,8.437679467910261e-05,8.62707307444618e-05,0.002333869405149693,0.0005766674024629719,0.0034056672686694524,0.0008104945500761927,0.00028802747251014066,2.5513316287150843e-05,0.0013162775405290564,1.2466853079913222e-05,6.322448982658587e-05,1.4079179171265116e-06,0,2.4936437079364394e-05,3.7682731012326085e-06,7.409660533762355e-05,7.761802674211953e-05,0.0003520569752921881,0.024213615606931166,0.001461782196697863,0.04715571544629812,0.0003112733208994009,0.0004272583156791839,0.004730384087916207,0.0033872394404685477,0.0029605485747274726,0.002898278206693898,0.0008495189238074775,0.00038753915882585167,0.0004353156532287372,9.304837894397675e-05,1.362607427965726e-06,6.692670053688286e-05,8.639156110746366e-06,2.041062778212227e-05,3.250140001725477e-07,0,1.495792773252149e-06,1.1397747918832996e-05,3.824175058118075e-05,4.442326100025922e-06,3.153085589834852e-05,0.0009450822492500758,0.0009766201109626229,0.000647600194155893,0.0011769195906739165,0.0023525719420485094,0.0011347394473052545,0.0003003718713439949,6.272483988988287e-05,2.239230303828979e-05,0,0,0.002274587656367604,0.0002423372394514096,0.00021421242187638967,0.001114299806835733,0.0005326237278997474,0.00013772969282026146,1.050289544107912e-06,8.503841460173953e-05,9.548837162119227e-06,3.512213073270875e-05,0,0,0.000715805887309736,6.936604694060063e-05,3.0816926370911226e-05,5.461490356522622e-06,1.4934081696575423e-05,0.0004813357522071329,0.00020999214970791918,0.00036320327527595653,0.0001777058533639232,0.00022300177226214045,1.2506843238662695e-05,0,6.411646374144757e-07,0,0,1.1519178489198683e-05,2.2883788777522194e-06,0,1.5489385856822685e-06,7.39037422888657e-07,0,0,0.000109829343690656,1.511109395844995e-05,2.8747753557659944e-05,0.00014336593063917917,2.29593264037941e-06,4.213299338045389e-06,3.7249879012685376e-07,4.881771158798247e-06,0,8.452263990503503e-07,0,4.7375351565477194e-07,0,2.229177459559458e-06,0,2.632924641333917e-06,0,0,2.9878558988410306e-06,4.1334720325013555e-07,3.683044235599426e-07,4.034403409139221e-06,0,0,0,0,0,0,0,0,0,0,0,0,0,0,0,0,0,0,0,0,0,0,0,0,1.7626492186424485e-06,0,0,0,0,0,0,0,0,0,0,0,0,0,0,0,0,0,0,0,0,0,0,0,0,0,0,0,0,0,0,1.5390233325816632e-06,2.8580291612983663e-06,0,0,0,0,0,0,0,0,0,0,0,0,0.0003304592264490471,0.0001498594018241307,0.0126162713248815,1.9682163578879035e-05,0,8.75987065629779e-05,0.028753645044804682,0.0007293840311177119,0.020224011500540175,0.02074024473462983,0.0002675306963433127,4.584569512124854e-06,3.5257721503817613e-06,0,0,0,0,0,0,0,0,0,0,0,0,0,0,0,0,0,0,0,0,0,0,0,0,0,0,0,0,0,0,0,0,0,0,0,0,0,0,0,0,0,0,0,0,0,0,0,0,0,0,0,0,0,0,0,0,0,0,0,0,0,0,0,0,0,0,0,0,0,0,0,0,0,0,0,0,0,0,0,0,8.356665095004907e-07,1.1218743494891408e-06,7.141285095878033e-06,2.4615161281073234e-05,3.789312287096222e-06,4.4658681142055774e-07,0,0,5.964336583135298e-07,0,0,0,0,0,0,0,0,0,0,0,0,0,0,0,0,0,0,0,0,0,0,0,0,0,0,0,0,0,0,0,0,0,0,0,0,0,0,0,0,0,0,0,0,0,0,0,0,0,0,0,0,0,0,0,0,0,0,0,0,0,0,0,0,0,0,0,0,0,0,0,0,0,0,0,0,0,0,0,0,0,0,0,0,0,0,0,0,0,0,0,0,0,0,0,0,0,0,0,0,0,0,0,0,0,0,0,0,0,0,0,0,0,0,0,0,0,0,0,0,0,0,0,0,0,0,0,0,0,0,0,0,0,0,0,0,0,2.675733276511315e-07,3.3563676174213725e-05,5.33355193418722e-07,0,0,0,0,0
