0,14.043930903854545,12.305077270149997,13.139386533243751,20.7501003372,20.857945793249996,36.7029290061,27.0372305425,0,0,0,0,0,16.9911604001,11.64739200432,23.703779553725,0,32.5488784047,0,0,0,0,36.766667366,0,0,35.12078237535,0,0,0,0,0,0,0,0,0,0,0,0,0,0,0,0,0,0,0,0,0,0,0,0,0,0,0,0,0,0,44.7348256111,0,0,0,0,0,0,0,0,0,0,0,0,0,0,0,0,0,0,0,0,0,0,0,0,27.6137610103,0,0,0,0,0,92.5974998474,99.1362792605,106.08255525,0,0,0,0,0,0,0,0,0,0,0,0,0,0,0,0,0,0,0,0,0,0,0,0,0,0,0,0,0,0,0,0,0,0,0,0,0,0,0,0,0,0,0,0,0,0,0,0,0,0,0,0,0,0,0,0,0,0,0,0,0,0,0,0,0,0,0,0,0,0,0,0,0,0,0,0,0,0,0,0,0,0,0,0,0,0,0,0,0,0,0,0,0,0,0,0,0,0,0,0,0,0,0,0,0,0,0,0,0,0,0,0,0,0,0,0,0,0,0,0,0,0,0,0,0,0,0,0,0,24.125608921,17.440982222566664,13.01348528521795,17.50607790265714,0,16.9617740452625,13.100606093001783,15.212068855750001,14.799011144966665,0,18.032645127499997,0,0,0,0,0,0,0,0,0,0,0,0,0,0,0,0,0,0,0,0,0,0,0,0,0,0,0,0,0,0,0,0,0,0,0,0,0,0,0,0,0,0,0,0,0,0,0,0,0,0,0,0,0,0,0,0,0,0,0,0,0,0,0,0,0,0,0,0,0,0,0,0,0,0,0,0,0,0,0,0,0,0,0,0,0,0,0,0,0,0,0,0,0,0,0,0,0,0,0,0,0,0,0,0,0,0,0,0,0,0,0,0,0,0,0,0,0,0,0,0,0,0,0,0,0,0,0,0,0,0,0,0,0,0,0,0,0,0,0,0,0,0,0,0,0,0,0,0,0,0,0,0,0,0,0,0,0,0,0,0,0,0,0,0,0,0,0,0,0,0,0,0,0,0,0,0,0,0,0,0,0,0,0,0,0,0,0,0,0,0,0,0,0,0,0,0,0,0,0,0,0,0,0,0,0,0,0,0,0,0,0,0,0,0,0,0,0,0,0,0,0,0,0,0,0,0,0,0,0,0,0,0,0
14.043930903854545,0,11.250267986764285,12.554072579918182,15.942801981840908,12.861582268764828,22.00146018430345,13.806761894821427,19.93282395673077,0,30.442812502375,20.852392731402002,20.523282705557143,24.89129552045,20.68698826782,12.42705196452721,16.09701628343846,14.70196999444,15.939962753788059,24.4852899634,20.045012822077513,31.365127361211112,25.852894420744374,28.65367846670782,29.84097652520898,20.30347293171952,26.920254049493135,22.08811446029887,17.225648506437015,17.73708380581754,21.31956374291705,32.217131800815004,34.889240412864005,41.0564808474,22.600082090451473,34.76081495455833,39.26052733894444,22.208489080882014,35.51089372658462,36.77463275390208,25.37035255967529,37.94075589626562,33.09629417214638,32.793584971678946,37.54448905116841,38.4136433601,34.77454324165916,0,40.174024838661545,56.7833328247,0,68.64904880525,74.3827781677,49.715091307966674,47.075675606725,49.58711873568847,36.2814233567403,38.093932531503704,32.321702900222384,42.8078393936,0,44.208183765425005,42.068175777407696,49.1220648629381,54.5684641401,54.62629022964615,51.5887243747625,53.79159088134799,68.301550956,74.01532983780001,60.42497224807999,73.32175477346667,78.58054283685715,0,0,0,85.8479118347,77.70076751707501,0,79.50257838398947,20.287245543416002,20.08117678125662,22.45456618198905,28.649368906122646,40.36041948873559,50.655256402666666,58.95338258743429,55.92577783263333,66.96233900386665,0,74.447142601,40.042712271212494,0,0,48.21020936965,54.04440874523889,58.953420321133336,0,73.17053434583332,69.76141142845,74.94335188184284,79.9875078201,0,68.8047443058174,75.20089782984284,72.9997014999,0,0,63.433305978762505,0,65.90087739626665,62.67996740857777,78.17559509947017,77.60118103023333,0,0,0,0,87.38994913101001,95.4237532616,89.4336357117,92.3387532234,0,0,0,80.47014207106153,82.54340028760001,0,81.2309626341125,0,93.8416662216,0,88.23730802535,0,87.8202724457,0,0,0,0,0,91.3031196594,0,0,87.40157890318001,0,86.3458356857,83.42753486634001,0,0,0,0,0,0,0,0,0,0,0,0,0,0,0,0,0,0,0,0,0,0,0,0,0,0,0,0,0,0,0,0,0,0,0,0,0,0,0,0,0,0,0,0,0,0,0,0,0,0,0,0,0,0,0,69.0614614487,0,0,0,0,0,0,0,0,0,0,0,0,0,52.03833307845,44.32359908088571,25.846428901081737,25.352479280648648,23.974072631670587,15.774135252043832,13.573952309558516,42.75801986352129,21.020592774038015,16.14327727698277,30.307580792533322,15.965894452454544,65.3679141998,28.060949135199998,0,0,0,0,0,0,0,0,0,0,0,0,0,0,0,0,0,0,0,0,0,0,0,0,0,0,0,0,0,0,0,0,0,0,0,0,0,0,0,0,0,0,0,0,0,0,0,0,0,0,0,0,0,0,0,0,0,0,0,0,0,0,0,0,0,0,0,0,0,0,0,0,0,0,0,0,0,0,0,28.63439321515,23.7306562832,28.08189558985,43.648238033075,53.458748817425,0,0,0,0,0,0,0,0,0,0,0,0,0,0,0,0,0,0,0,0,0,0,0,0,0,0,0,0,0,0,0,0,0,0,0,0,0,0,0,0,0,0,0,0,0,0,0,0,0,0,0,0,0,0,0,0,0,0,0,0,0,0,0,0,0,0,0,0,0,0,0,0,0,0,0,0,0,0,0,0,0,0,0,0,0,0,0,0,0,0,0,0,0,0,0,0,0,0,0,0,0,0,0,0,0,0,0,0,0,0,0,0,0,0,0,0,0,0,0,0,0,0,0,0,0,0,0,0,0,0,0,0,0,0,0,0,0,0,0,0,0,64.773334980025,51.8617262144647,56.4833345413,0,34.0214586258,0,0,0
12.305077270149997,11.250267986764285,0,12.570529114766666,0,12.72260591627273,0,14.411372420755555,18.7113332747,0,0,0,0,0,0,14.593718995299998,0,18.153123774716665,18.1603629294,0,0,0,0,0,0,37.3999991417,0,0,0,0,0,0,0,0,35.72833395,0,0,0,0,0,0,0,0,0,0,0,0,0,0,0,0,0,0,0,0,0,0,0,0,0,0,0,0,0,0,0,0,0,0,0,0,0,0,0,0,0,0,0,0,0,0,0,0,0,0,0,0,0,0,0,0,0,0,0,0,0,0,0,0,0,0,0,0,0,0,0,0,0,0,0,0,0,0,0,0,0,0,0,0,0,0,0,0,0,0,0,0,0,0,0,0,0,0,0,0,0,0,0,0,0,0,0,0,0,0,0,0,0,0,0,0,0,0,0,0,0,0,0,0,0,0,0,0,0,0,0,0,0,0,0,0,0,0,0,0,0,0,0,0,0,0,0,0,0,0,0,0,0,0,0,0,0,0,0,0,0,0,0,0,0,0,0,0,0,0,0,0,0,0,0,0,0,0,0,0,0,0,0,0,0,0,12.556953770771429,15.899743715933333,0,16.367377584636365,14.364600632976469,27.5312490463,14.543000791166666,0,0,0,0,0,0,0,0,0,0,0,0,0,0,0,0,0,0,0,0,0,0,0,0,0,0,0,0,0,0,0,0,0,0,0,0,0,0,0,0,0,0,0,0,0,0,0,0,0,0,0,0,0,0,0,0,0,0,0,0,0,0,0,0,0,0,0,0,0,0,0,0,0,0,0,0,0,0,0,0,0,0,0,0,0,0,0,0,0,0,0,0,0,0,0,0,0,0,0,0,0,0,0,0,0,0,0,0,0,0,0,0,0,0,0,0,0,0,0,0,0,0,0,0,0,0,0,0,0,0,0,0,0,0,0,0,0,0,0,0,0,0,0,0,0,0,0,0,0,0,0,0,0,0,0,0,0,0,0,0,0,0,0,0,0,0,0,0,0,0,0,0,0,0,0,0,0,0,0,0,0,0,0,0,0,0,0,0,0,0,0,0,0,0,0,0,0,0,0,0,0,0,0,0,0,0,0,0,0,0,0,0,0,0,0,0,0,0,0,0,0,0,0,0,0,0,0,0,0,0,0,0,0,0,0
13.139386533243751,12.554072579918182,12.570529114766666,0,15.641436229363636,14.158218431510527,24.75272383151,21.074976415266665,29.4629170736,0,0,19.762041288890003,14.024418134455557,13.866567844371426,13.328884450945456,17.386742142061905,24.146982828349998,27.01349663845,24.3962429347,56.6055342584,28.3437540531,0,34.4499015808,45.50509095195,29.5145864487,34.36916056767778,0,31.7124450207,25.813980686833332,31.8358316421,42.0073173182,0,0,34.130712463399995,32.46860255276666,33.52337264868,0,45.41644865000001,0,0,42.700845220366666,43.0468387604,77.6635669571,0,84.8437111,0,0,0,0,0,0,0,0,0,0,0,45.811272621157144,0,0,0,0,0,0,0,61.6000032425,0,0,0,0,0,0,0,0,0,0,0,0,0,0,0,13.783336013916667,21.84450601882857,26.687027720520003,37.6619826988,49.924753430725005,57.0242472261,0,79.1291019003,89.45243062739999,97.6638833835,118.1047528355,0,0,0,0,0,0,0,0,0,0,0,0,0,0,0,0,0,0,0,0,70.7367270061,84.0791692734,0,0,0,0,0,0,0,0,0,0,0,0,0,0,0,0,0,0,0,0,0,0,0,0,0,0,0,0,0,0,103.726137294,0,0,0,0,0,0,0,0,0,0,0,0,0,0,0,0,0,0,0,0,0,0,0,0,0,0,0,0,0,0,0,0,0,0,0,0,0,0,0,0,0,0,0,0,0,0,0,0,0,0,0,0,0,0,0,0,0,0,0,0,0,0,0,0,0,0,0,0,0,0,0,0,0,0,30.714582681633335,35.198281765,0,14.281503385841509,18.235719543774245,46.2518720627,17.179321972399997,15.825513886073507,30.834945962533332,14.75282416336923,0,0,0,0,0,0,0,0,0,0,0,0,0,0,0,0,0,0,0,0,0,0,0,0,0,0,0,0,0,0,0,0,0,0,0,0,0,0,0,0,0,0,0,0,0,0,0,0,0,0,0,0,0,0,0,0,0,0,0,0,0,0,0,0,0,0,0,0,0,0,0,0,0,0,0,0,0,0,0,0,0,24.2630953789,0,29.1937537193,0,0,0,0,0,0,0,0,0,0,0,0,0,0,0,0,0,0,0,0,0,0,0,0,0,0,0,0,0,0,0,0,0,0,0,0,0,0,0,0,0,0,0,0,0,0,0,0,0,0,0,0,0,0,0,0,0,0,0,0,0,0,0,0,0,0,0,0,0,0,0,0,0,0,0,0,0,0,0,0,0,0,0,0,0,0,0,0,0,0,0,0,0,0,0,0,0,0,0,0,0,0,0,0,0,0,0,0,0,0,0,0,0,0,0,0,0,0,0,0,0,0,0,0,0,0,0,0,0,0,0,0,0,0,0,0,0,0,0,0,0,0,0,0,36.383333086899995,0,0,33.7544102669,0,0,0
20.7501003372,15.942801981840908,0,15.641436229363636,0,12.501438948000002,15.560370066599999,0,0,20.258675563,18.89704424276667,13.7907480242,11.890972085355555,13.013941384560002,18.5259949159375,23.48322504918889,18.8016635736,27.0840266514,33.822728193625004,0,60.2612460136,0,59.07032678125,59.838088879699995,51.333170414,39.94954972265,30.8872971535,40.548616589,30.8861786759,22.5053031921,32.14734666855714,0,35.1403174697,24.31663992898571,23.086086872877775,24.2138844905,36.0455896155,31.530680899300002,35.6002959978,58.3604176839,45.12875557455,58.69020832506667,56.593874266975,58.21909008026667,64.18499407485,0,0,0,82.5833279292,0,0,0,0,0,0,0,59.2100059177,77.3270670573,0,0,0,0,0,0,0,0,0,0,95.4454469681,0,97.7541608809,0,96.7954702377,0,0,0,0,0,0,0,14.195492110124999,21.160852229016665,31.729282644066664,40.262263298,0,0,73.943657875,69.4737443924,86.9391384125,94.02061796145,0,0,0,0,0,0,0,0,0,0,0,0,0,0,0,0,0,0,0,0,0,0,117.70715332,0,0,0,0,0,123.312509537,124.260416985,0,0,0,0,0,0,0,0,0,0,0,0,0,0,0,0,0,0,0,0,0,0,0,0,0,0,0,0,0,0,0,0,0,0,0,0,0,0,0,0,0,0,0,0,0,0,0,0,0,0,0,0,0,0,0,0,0,0,0,0,0,0,0,0,0,0,0,0,0,0,0,0,0,0,0,0,0,0,0,0,0,0,0,0,0,0,0,0,0,0,0,0,0,0,0,0,0,0,36.304509162900004,0,0,20.413253407812498,25.56857375197334,0,20.718827289548,20.846582618991174,0,23.354847226685713,0,0,0,0,0,0,0,0,0,0,0,0,0,0,0,0,0,0,0,0,0,0,0,0,0,0,0,0,0,0,0,0,0,0,0,0,0,0,0,0,0,0,0,0,0,0,0,0,0,0,0,0,0,0,0,0,0,0,0,0,0,0,0,0,0,0,0,0,0,0,0,0,0,0,0,0,0,0,0,0,0,32.4126541615,0,0,0,0,0,0,0,0,0,0,0,0,0,0,0,0,0,0,0,0,0,0,0,0,0,0,0,0,0,0,0,0,0,0,0,0,0,0,0,0,0,0,0,0,0,0,0,0,0,0,0,0,0,0,0,0,0,0,0,0,0,0,0,0,0,0,0,0,0,0,0,0,0,0,0,0,0,0,0,0,0,0,0,0,0,0,0,0,0,0,0,0,0,0,0,0,0,0,0,0,0,0,0,0,0,0,0,0,0,0,0,0,0,0,0,0,0,0,0,0,0,0,0,0,0,0,0,0,0,0,0,0,0,0,0,0,0,0,0,0,0,0,0,0,0,0,42.8382163048,0,0,0,0,0,0
20.857945793249996,12.861582268764828,12.72260591627273,14.158218431510527,12.501438948000002,0,14.140948007720688,13.319400500549996,13.862842072313333,25.1385108539,20.0233322938,13.965428100390476,14.065773429033332,15.2828182302,17.741474157362504,13.409129193577192,19.812489388228123,16.627749951907145,15.838263434953332,33.27195757615,31.200280042437498,52.616936745100006,35.730619244969226,37.56942596945714,40.677724216566666,24.927530703382352,32.02360480587222,27.311023750983782,17.026606315023912,14.214811708727588,17.669454665135415,35.458611546650005,23.087429600740002,22.786125709562498,14.379462531102503,19.323953105633333,24.766266086075,18.664709640358538,37.1239314125,33.928556403660004,30.266626727565,41.57749868675555,41.8693759748,39.40636024474,49.38760380604,0,48.382002312657136,0,58.8093127212,76.7812566757,0,0,0,68.400001208,60.0213034323,63.3316695213,45.87752405612105,54.07641011274,46.51463858286667,0,0,0,49.17963113974,55.01004076,68.90370455278001,60.57885336875,0,0,87.0983123779,0,83.44834159786666,0,91.7669534683,0,0,0,0,74.6145849228,0,0,14.582073299417392,18.9997605359,27.375649640426314,39.099983316807695,53.02414063250908,0,91.3893640836,0,0,0,0,54.06715297695,0,0,0,73.6541760762,0,0,0,0,0,0,0,83.5198101997,88.0704182307,0,0,0,0,0,0,75.11796258345001,93.3512865702,101.349588394,0,117.956246376,0,0,115.123051644,115.926430702,0,121.279576302,0,0,0,0,0,0,0,0,0,0,0,0,0,0,0,0,0,0,126.516667366,0,0,110.030830383,115.212204933,0,0,0,0,0,0,0,0,0,0,0,0,0,0,0,0,0,0,0,0,0,0,0,0,0,0,0,0,0,0,0,0,0,0,0,0,0,0,0,0,0,0,0,0,0,0,0,0,0,0,0,0,0,0,0,0,0,0,0,0,0,0,0,0,0,0,0,0,0,0,0,63.5051317211,50.8908337593,37.01320543662353,34.686213016500005,37.07373011115,16.64573852979265,19.045504576747618,84.32697280555,22.43759815486111,19.675660407100743,62.21718277822001,20.61165193658889,98.1523792267,0,0,0,0,0,0,0,0,0,0,0,0,0,0,0,0,0,0,0,0,0,0,0,0,0,0,0,0,0,0,0,0,0,0,0,0,0,0,0,0,0,0,0,0,0,0,0,0,0,0,0,0,0,0,0,0,0,0,0,0,0,0,0,0,0,0,0,0,0,0,0,0,0,0,0,0,0,0,0,0,0,0,27.5768334866,0,0,0,0,0,0,0,0,0,0,0,0,0,0,0,0,0,0,0,0,0,0,0,0,0,0,0,0,0,0,0,0,0,0,0,0,0,0,0,0,0,0,0,0,0,0,0,0,0,0,0,0,0,0,0,0,0,0,0,0,0,0,0,0,0,0,0,0,0,0,0,0,0,0,0,0,0,0,0,0,0,0,0,0,0,0,0,0,0,0,0,0,0,0,0,0,0,0,0,0,0,0,0,0,0,0,0,0,0,0,0,0,0,0,0,0,0,0,0,0,0,0,0,0,0,0,0,0,0,0,0,0,0,0,0,0,0,0,0,0,0,0,0,0,51.1250023842,0,0,0,0,0,0
36.7029290061,22.00146018430345,0,24.75272383151,15.560370066599999,14.140948007720688,0,16.2257711566875,12.82048877776,13.40929693964,13.2592492419,12.560807383666667,14.223198446874997,19.230605378142858,30.22555601684286,23.582498588971998,39.337665414211116,33.62114083741429,29.459865106325,49.9679067674,53.0591673557,59.3399678775,55.31908873764286,50.74735031503333,53.261039529550004,39.963861189810004,41.983578862280005,32.316176630141655,25.722074406320004,15.230197035476923,19.735810883652942,37.68162777284,25.077039332275,13.700636437881819,14.212945011424999,12.84260046784,21.132656612425002,17.214568226526314,25.595810016,51.4854194323,40.94446681430001,48.332600065725,50.64469140674285,55.51283780425,60.9302203371,0,82.0081791115,96.5041634242,64.99994682149999,87.351780074,0,0,0,79.60800499936666,70.316408194375,74.2750022161,61.55090850774286,59.442917577050004,0,0,0,0,68.225456156,0,0,0,0,0,98.9420881271,0,87.5862112383,0,101.245522499,0,0,0,0,0,0,0,17.520541296066668,23.2081268986,33.61739087105,44.120442271225,0,0,113.333348656,0,0,0,0,0,0,0,0,0,0,0,0,0,0,0,0,104.59473136365,102.204132918,0,0,0,0,0,99.9941550572,83.2567193552,116.99396738850001,111.943328858,0,125.929177284,0,0,123.60625267,125.254179001,0,140.712393443,0,0,0,0,0,0,0,0,0,0,0,0,0,0,0,0,0,0,131.530974379,0,0,126.643599892,0,0,0,0,0,0,0,0,0,0,0,0,0,0,0,0,0,0,0,0,0,0,0,0,0,0,0,0,0,0,0,0,0,0,0,0,0,0,0,0,0,0,0,0,0,0,0,0,0,0,0,0,0,0,0,0,0,0,0,0,0,0,0,0,0,0,0,0,0,0,0,0,76.8937797442,0,55.11993122403334,0,0,33.35592005644,37.28638933603846,0,34.182845374686664,38.139125226906664,53.4104145368,33.44519242047142,0,0,0,0,0,0,0,0,0,0,0,0,0,0,0,0,0,0,0,0,0,0,0,0,0,0,0,0,0,0,0,0,0,0,0,0,0,0,0,0,0,0,0,0,0,0,0,0,0,0,0,0,0,0,0,0,0,0,0,0,0,0,0,0,0,0,0,0,0,0,0,0,0,0,0,0,0,0,0,0,0,0,0,0,0,0,0,0,0,0,0,0,0,0,0,0,0,0,0,0,0,0,0,0,0,0,0,0,0,0,0,0,0,0,0,0,0,0,0,0,0,0,0,0,0,0,0,0,0,0,0,0,0,0,0,0,0,0,0,0,0,0,0,0,0,0,0,0,0,0,0,0,0,0,0,0,0,0,0,0,0,0,0,0,0,0,0,0,0,0,0,0,0,0,0,0,0,0,0,0,0,0,0,0,0,0,0,0,0,0,0,0,0,0,0,0,0,0,0,0,0,0,0,0,0,0,0,0,0,0,0,0,0,0,0,0,0,0,0,0,0,0,0,0,0,0,0,0,49.3954153061,0,0,0,0,0,0
27.0372305425,13.806761894821427,14.411372420755555,21.074976415266665,0,13.319400500549996,16.2257711566875,0,12.9215989889875,0,0,0,0,0,0,13.999295529109375,18.254984272440005,12.577051767027273,13.224532997799999,32.247263440925,35.222664814875,51.6526132675,34.81198325584,46.0957966989,32.8830580711,23.348450862841666,26.185445143775,30.303336323733326,16.207658522200003,14.05940991428,22.583009181925,33.4311933551,0,27.648813226466665,17.825588062599998,20.15174446875,0,17.162501931199998,0,47.2145776294,46.8666704496,44.138253218,44.9425658858,0,0,0,0,0,0,0,0,0,0,70.1284666061,65.1895953194,0,51.42483783336667,56.10587462195,0,0,0,0,60.8396763582,0,74.846594385,0,0,0,0,0,88.0394450035,0,0,0,0,0,0,0,0,111.933348974,36.91241821295,0,28.9637534618,0,0,0,0,0,0,0,0,0,0,0,0,73.4330207825,0,0,0,0,0,0,0,88.1916713715,0,0,0,0,0,0,0,81.877494367,100.056874275,126.427916908,0,129.871917021,0,0,117.497321129,0,0,0,0,0,0,0,0,0,0,0,0,0,0,0,0,0,0,0,0,0,0,0,0,0,0,0,0,0,0,0,0,0,0,0,0,0,0,0,0,0,0,0,0,0,0,0,0,0,0,0,0,0,0,0,0,0,0,0,0,0,0,0,0,0,0,0,0,0,0,0,0,0,0,0,0,0,0,0,0,0,0,0,0,0,0,0,0,0,0,0,0,0,0,0,0,0,0,0,61.7816676458,0,0,33.2749966303,27.3909920452,0,32.71897172926666,36.024359897625004,0,0,0,0,0,0,0,0,0,0,0,0,0,0,0,0,0,0,0,0,0,0,0,0,0,0,0,0,0,0,0,0,0,0,0,0,0,0,0,0,0,0,0,0,0,0,0,0,0,0,0,0,0,0,0,0,0,0,0,0,0,0,0,0,0,0,0,0,0,0,0,0,0,0,0,0,0,0,0,0,0,0,0,0,0,0,0,0,0,0,0,0,0,0,0,0,0,0,0,0,0,0,0,0,0,0,0,0,0,0,0,0,0,0,0,0,0,0,0,0,0,0,0,0,0,0,0,0,0,0,0,0,0,0,0,0,0,0,0,0,0,0,0,0,0,0,0,0,0,0,0,0,0,0,0,0,0,0,0,0,0,0,0,0,0,0,0,0,0,0,0,0,0,0,0,0,0,0,0,0,0,0,0,0,0,0,0,0,0,0,0,0,0,0,0,0,0,0,0,0,0,0,0,0,0,0,0,0,0,0,0,0,0,0,0,0,0,0,0,0,0,0,0,0,0,0,0,0,0,0,0,0,0,0,0,0,0
0,19.93282395673077,18.7113332747,29.4629170736,0,13.862842072313333,12.82048877776,12.9215989889875,0,0,0,18.5041759014,0,0,0,16.63797070728636,22.39043449821111,15.566678794333331,16.440161267460002,47.16345318155,32.7368068695,0,43.871338810366666,48.737429034150004,47.57708024976667,25.777731617355556,33.4637466977,32.60087940165,19.874784184230002,12.414571339685713,16.17840535819,40.402258985,0,0,13.350282467366668,14.176455245955554,0,27.7666668892,0,0,0,0,0,0,0,0,47.6541614533,0,0,0,0,0,0,76.2186228253,68.360413079,0,54.17600066426667,59.618970315,0,0,0,0,0,0,82.2541700999,0,0,0,0,0,90.9184781847,0,0,0,0,0,0,0,0,114.943144562,0,0,0,0,0,0,0,0,0,0,0,0,0,0,0,0,0,0,0,0,0,0,0,89.6350002289,0,0,0,0,0,0,0,0,101.505002022,130.116449865,0,133.141666285,0,0,0,0,0,0,0,0,0,0,0,0,0,0,0,0,0,0,0,0,0,0,0,0,0,0,0,0,0,0,0,0,0,0,0,0,0,0,0,0,0,0,0,0,0,0,0,0,0,0,0,0,0,0,0,0,0,0,0,0,0,0,0,0,0,0,0,0,0,0,0,0,0,0,0,0,0,0,0,0,0,0,0,0,0,0,0,0,0,0,0,0,0,0,0,0,0,0,0,0,0,0,0,0,0,28.4870852788,31.568305049000003,0,49.99364736556001,46.21803477268,0,0,0,0,0,0,0,0,0,0,0,0,0,0,0,0,0,0,0,0,0,0,0,0,0,0,0,0,0,0,0,0,0,0,0,0,0,0,0,0,0,0,0,0,0,0,0,0,0,0,0,0,0,0,0,0,0,0,0,0,0,0,0,0,0,0,0,0,0,0,0,0,0,0,0,0,0,0,0,0,0,0,0,0,0,0,0,0,0,0,0,0,0,0,0,0,0,0,0,0,0,0,0,0,0,0,0,0,0,0,0,0,0,0,0,0,0,0,0,0,0,0,0,0,0,0,0,0,0,0,0,0,0,0,0,0,0,0,0,0,0,0,0,0,0,0,0,0,0,0,0,0,0,0,0,0,0,0,0,0,0,0,0,0,0,0,0,0,0,0,0,0,0,0,0,0,0,0,0,0,0,0,0,0,0,0,0,0,0,0,0,0,0,0,0,0,0,0,0,0,0,0,0,0,0,0,0,0,0,0,0,0,0,0,0,0,0,0,0,0,0,0,0,0,0,0,0,0,0,0,0,0,0,0,0,0,0
0,0,0,0,20.258675563,25.1385108539,13.40929693964,0,0,0,11.1894635516,13.742145097277778,0,0,0,59.1887485504,63.0625009537,58.7211970161,60.6358446757,0,0,0,0,0,0,0,0,0,0,0,15.246771854999999,33.5124976635,16.665289517699996,11.918884264319999,13.219109659866668,0,12.740819269725,21.255708425783332,20.22423386575,0,33.0288705826,0,0,0,0,0,0,0,0,0,0,0,0,0,0,0,0,0,0,0,0,0,0,0,0,0,0,0,0,0,0,0,0,0,0,0,0,0,0,0,0,30.5275225639,0,0,0,0,0,0,0,0,0,0,0,0,0,0,0,0,0,0,0,0,0,0,0,0,0,0,0,0,0,0,0,0,0,0,0,0,0,0,0,0,0,0,0,0,0,0,0,0,0,0,0,0,0,0,0,0,0,0,0,0,0,0,0,0,0,0,0,0,0,0,0,0,0,0,0,0,0,0,0,0,0,0,0,0,0,0,0,0,0,0,0,0,0,0,0,0,0,0,0,0,0,0,0,0,0,0,0,0,0,0,0,0,0,0,0,0,0,0,0,0,0,0,0,0,0,0,0,0,0,0,0,0,0,0,0,0,0,0,0,0,0,0,51.703312176,51.8635204663,0,0,0,0,0,0,0,0,0,0,0,0,0,0,0,0,0,0,0,0,0,0,0,0,0,0,0,0,0,0,0,0,0,0,0,0,0,0,0,0,0,0,0,0,0,0,0,0,0,0,0,0,0,0,0,0,0,0,0,0,0,0,0,0,0,0,0,0,0,0,0,0,0,0,0,0,0,0,0,0,0,0,0,0,0,0,0,0,0,0,0,0,0,0,0,0,0,0,0,0,0,0,0,0,0,0,0,0,0,0,0,0,0,0,0,0,0,0,0,0,0,0,0,0,0,0,0,0,0,0,0,0,0,0,0,0,0,0,0,0,0,0,0,0,0,0,0,0,0,0,0,0,0,0,0,0,0,0,0,0,0,0,0,0,0,0,0,0,0,0,0,0,0,0,0,0,0,0,0,0,0,0,0,0,0,0,0,0,0,0,0,0,0,0,0,0,0,0,0,0,0,0,0,0,0,0,0,0,0,0,0,0,0,0,0,0,0,0,0,0,0,0,0,0,0,0,0,0,0,0,0,0,0,0,0,0,0
0,30.442812502375,0,0,18.89704424276667,20.0233322938,13.2592492419,0,0,11.1894635516,0,13.044786758122221,14.492956093650001,22.088020137,0,28.521866202349997,33.8920116425,50.4033747779,0,39.4541659355,0,0,30.9110832214,50.37693863445,0,33.987657189325,34.1934943199,23.99444175882727,24.5311302691625,16.2776814699,14.770162012741858,24.493828656260003,14.302656632730436,11.427504977721428,12.232937811247371,11.277619767474999,12.259550747355,15.488435944027776,17.15609557131875,22.250887192693334,29.789851293981815,32.05204933838,42.03945602773334,47.06982334455,52.588728558525,70.2316590627,66.97524082095,0,0,0,0,0,0,0,0,0,58.5125002861,0,0,0,0,0,0,0,0,0,0,0,0,0,0,0,0,0,0,0,0,0,0,0,21.128471122866664,18.76817291975,0,0,0,0,0,0,0,0,0,0,0,0,0,0,0,0,0,0,0,0,0,0,0,0,0,0,0,0,0,0,0,0,0,0,0,0,0,0,0,0,0,0,0,0,0,0,0,0,0,0,0,0,0,0,0,0,0,0,0,0,0,0,0,0,0,0,0,0,0,0,0,0,0,0,0,0,0,0,0,0,0,0,0,0,0,0,0,0,0,0,0,0,0,0,0,0,0,0,0,0,0,0,0,0,0,0,0,0,0,0,0,0,0,0,0,0,0,0,0,0,0,0,0,0,0,0,0,0,0,0,0,0,0,0,0,0,48.9233326912,0,0,0,35.612240791299996,0,53.0030830637,45.706866069120004,0,39.9644874133,0,0,0,0,0,0,0,0,0,0,0,0,0,0,0,0,0,0,0,0,0,0,0,0,0,0,0,0,0,0,0,0,0,0,0,0,0,0,0,0,0,0,0,0,0,0,0,0,0,0,0,0,0,0,0,0,0,0,0,0,0,0,0,0,0,0,0,0,0,0,0,0,0,0,0,0,0,0,0,0,0,0,0,0,0,0,0,0,0,0,0,0,0,0,0,0,0,0,0,0,0,0,0,0,0,0,0,0,0,0,0,0,0,0,0,0,0,0,0,0,0,0,0,0,0,0,0,0,0,0,0,0,0,0,0,0,0,0,0,0,0,0,0,0,0,0,0,0,0,0,0,0,0,0,0,0,0,0,0,0,0,0,0,0,0,0,0,0,0,0,0,0,0,0,0,0,0,0,0,0,0,0,0,0,0,0,0,0,0,0,0,0,0,0,0,0,0,0,0,0,0,0,0,0,0,0,0,0,0,0,0,0,0,0,0,0,0,0,0,0,0,0,0,0,0,0,0,0,0,0,0,0,0,0,0
0,20.852392731402002,0,19.762041288890003,13.7907480242,13.965428100390476,12.560807383666667,0,18.5041759014,13.742145097277778,13.044786758122221,0,12.798206241045454,15.446754762687501,19.063919179625,22.96834107244154,32.04695329486111,37.26473384695,26.131256388888886,47.7754682244,36.720502340005,47.5772638321,43.596919903599996,36.8618718559,45.80745176475,33.8102594845973,35.440845898221426,25.081717464612,21.900385052319148,17.358751550483333,15.105289975401034,26.986652477483332,16.730400560550002,14.2648959529,12.679059317401784,14.727548551246667,14.998288242927586,14.289319565245455,18.52024600856842,24.905152313642855,26.799885967253125,34.37266725505714,44.418020692775,41.25235023053333,53.64579222423333,53.9906249306,50.199278568475,65.6008363088,62.38172246403333,0,0,72.0394823634,0,85.5766620636,58.55679477005,62.2740408201,52.97051807557368,52.5777269853,51.3226864338,0,0,49.5326390266,50.47118298213333,63.8770847321,70.72083568575,0,0,0,91.9944047928,0,78.68960281553333,0,92.9021682739,0,0,0,0,80.1111078824,0,100.38036361,13.117817958052177,13.057187200730912,20.215678985906663,33.938285443723075,52.052392554275,71.25700120923999,78.05880356795001,0,89.2275633299,90.295829773,0,0,0,0,0,0,0,0,0,0,0,0,0,0,0,0,0,0,0,0,0,88.446503282,109.56691799149999,108.156909943,0,117.895008087,0,0,118.917503357,0,0,0,0,0,0,0,0,0,0,0,0,0,0,0,0,0,0,0,0,0,0,0,0,0,0,0,97.8704786301,0,0,0,0,0,0,0,0,0,0,0,0,0,0,0,0,0,0,0,0,0,0,0,0,0,0,0,0,0,0,0,0,0,0,0,0,0,0,0,0,0,0,0,0,0,0,0,0,0,0,0,0,0,0,0,0,0,0,0,0,0,0,0,0,0,0,0,0,0,0,0,38.324611726563155,51.8541712761,0,27.22302451235333,28.049123690868086,71.0687532425,24.363918923468415,32.039463157715595,42.5143742879,25.268155474380002,0,0,0,0,0,0,0,0,0,0,0,0,0,0,0,0,0,0,0,0,0,0,0,0,0,0,0,0,0,0,0,0,0,0,0,0,0,0,0,0,0,0,0,0,0,0,0,0,0,0,0,0,0,0,0,0,0,0,0,0,0,0,0,0,0,0,0,0,0,0,0,0,0,0,0,0,0,0,0,0,0,18.9395852089,19.8630847931,27.5800398588,64.2249960899,0,0,0,0,0,0,0,0,0,0,0,0,0,0,0,0,0,0,0,0,0,0,0,0,0,0,0,0,0,0,0,0,0,0,0,0,0,0,0,0,0,0,0,0,0,0,0,0,0,0,0,0,0,0,0,0,0,0,0,0,0,0,0,0,0,0,0,0,0,0,0,0,0,0,0,0,0,0,0,0,0,0,0,0,0,0,0,0,0,0,0,0,0,0,0,0,0,0,0,0,0,0,0,0,0,0,0,0,0,0,0,0,0,0,0,0,0,0,0,0,0,0,0,0,0,0,0,0,0,0,0,0,0,0,0,0,0,0,0,0,0,0,0,42.399383127675,0,0,0,0,0,0
0,20.523282705557143,0,14.024418134455557,11.890972085355555,14.065773429033332,14.223198446874997,0,0,0,14.492956093650001,12.798206241045454,0,12.21116254815,15.22662039334,27.372344758016666,33.8923616277,35.885214034,28.825395886266666,0,0,0,0,0,0,31.112293243399996,39.545832634,0,27.00350200565,20.4697790146,34.03788954543333,0,0,22.571601161466667,18.75702391525714,21.71139595542857,0,24.96001709995,0,0,0,0,74.0747546302,0,81.3633897237,0,0,0,0,0,0,0,0,0,0,0,0,0,0,0,0,0,0,0,0,0,0,0,0,0,0,0,0,0,0,0,0,0,0,0,12.238316772725,16.20957751275,22.295153532433332,39.3289270901,47.96496148285,53.1391649246,65.6679258347,63.50302476885,78.20728985470001,81.4780073166,91.5783348083,0,0,0,0,0,0,0,0,0,0,0,0,0,0,0,0,0,0,0,0,0,0,0,0,0,0,0,0,0,0,0,0,0,0,0,0,0,0,0,0,0,0,0,0,0,0,0,0,0,0,0,0,0,0,0,0,0,0,0,0,0,0,0,0,0,0,0,0,0,0,0,0,0,0,0,0,0,0,0,0,0,0,0,0,0,0,0,0,0,0,0,0,0,0,0,0,0,0,0,0,0,0,0,0,0,0,0,0,0,0,0,0,0,0,0,0,0,0,0,0,0,0,0,0,0,0,0,0,0,0,21.6630978539,28.8234862685,96.5269489288,17.568470849745,24.459232462033334,0,19.116720752985714,98.16547966,0,0,0,0,0,0,0,0,0,0,0,0,0,0,0,0,0,0,0,0,0,0,0,0,0,0,0,0,0,0,0,0,0,0,0,0,0,0,0,0,0,0,0,0,0,0,0,0,0,0,0,0,0,0,0,0,0,0,0,0,0,0,0,0,0,0,0,0,0,0,0,0,0,0,0,0,0,0,0,0,0,0,0,0,0,0,0,0,0,0,0,0,0,0,0,0,0,0,0,0,0,0,0,0,0,0,0,0,0,0,0,0,0,0,0,0,0,0,0,0,0,0,0,0,0,0,0,0,0,0,0,0,0,0,0,0,0,0,0,0,0,0,0,0,0,0,0,0,0,0,0,0,0,0,0,0,0,0,0,0,0,0,0,0,0,0,0,0,0,0,0,0,0,0,0,0,0,0,0,0,0,0,0,0,0,0,0,0,0,0,0,0,0,0,0,0,0,0,0,0,0,0,0,0,0,0,0,0,0,0,0,0,0,0,0,0,0,0,0,0,0,0,0,0,0,0,0,0,0,0,0,0,0,0
16.9911604001,24.89129552045,0,13.866567844371426,13.013941384560002,15.2828182302,19.230605378142858,0,0,0,22.088020137,15.446754762687501,12.21116254815,0,14.719309208942855,0,0,0,0,0,54.2874927521,0,65.3087452412,72.9450049082,0,59.4616603533,0,0,0,0,44.4223427045,0,44.5374986331,25.965089669375,28.34382947003333,27.614110782450002,0,38.350233622299996,39.4565502803,0,67.7192705548,66.4333286285,73.0390151795,0,80.9480044648,0,0,0,0,0,0,0,0,0,0,0,0,0,0,0,0,0,0,0,0,0,0,0,0,0,0,0,90.7224979401,0,0,0,0,0,0,0,11.999095062133332,21.85624694825,0,0,46.6916734377,59.179279246250005,71.6539487839,67.1665563583,82.7245569133,92.00306437835,102.487756034,0,0,0,0,0,0,0,0,0,0,0,0,0,0,0,0,0,0,0,0,0,0,0,0,0,0,0,0,0,0,0,0,0,0,0,0,0,0,0,0,0,0,0,0,0,0,0,0,0,0,0,0,104.547350862,0,0,87.5901184082,0,0,0,0,0,0,0,0,0,0,0,0,0,0,0,0,0,0,0,0,0,0,0,0,0,0,0,0,0,0,0,0,0,0,0,0,0,0,0,0,0,0,0,0,0,0,0,0,0,0,0,0,0,0,0,0,0,0,0,0,0,0,0,0,0,0,0,0,0,0,0,0,0,0,24.3938576011,47.2601599693,101.195000649,19.899423565155555,22.817829619712498,0,16.69978258832857,104.341751099,0,0,0,0,0,0,0,0,0,0,0,0,0,0,0,0,0,0,0,0,0,0,0,0,0,0,0,0,0,0,0,0,0,0,0,0,0,0,0,0,0,0,0,0,0,0,0,0,0,0,0,0,0,0,0,0,0,0,0,0,0,0,0,0,0,0,0,0,0,0,0,0,0,0,0,0,0,0,0,0,0,0,0,0,0,0,0,0,0,0,0,0,0,0,0,0,0,0,0,0,0,0,0,0,0,0,0,0,0,0,0,0,0,0,0,0,0,0,0,0,0,0,0,0,0,0,0,0,0,0,0,0,0,0,0,0,0,0,0,0,0,0,0,0,0,0,0,0,0,0,0,0,0,0,0,0,0,0,0,0,0,0,0,0,0,0,0,0,0,0,0,0,0,0,0,0,0,0,0,0,0,0,0,0,0,0,0,0,0,0,0,0,0,0,0,0,0,0,0,0,0,0,0,0,0,0,0,0,0,0,0,0,0,0,0,0,0,0,0,0,0,0,0,0,0,0,0,42.1691689491,0,0,0,0,0,0
11.64739200432,20.68698826782,0,13.328884450945456,18.5259949159375,17.741474157362504,30.22555601684286,0,0,0,0,19.063919179625,15.22662039334,14.719309208942855,0,29.981279049,31.1715211091,38.0461507827,32.7313049054,0,0,0,0,0,0,0,0,0,34.4943517574,0,0,0,0,38.446855946949995,33.23376930313333,32.908615596050005,0,0,0,0,0,0,0,0,0,0,52.0479756917,0,0,0,0,0,0,0,0,0,0,0,0,0,0,0,0,0,0,0,0,0,0,0,0,0,0,0,0,0,0,0,0,0,14.443571072466668,22.0604290457,28.590648884566665,41.48541670536666,49.90487012295,56.05703688885,69.8538289147,82.6498213442,95.8649736641,95.08175070233332,0,0,0,0,0,0,0,0,0,0,0,0,0,0,0,0,0,0,0,0,0,0,0,0,0,0,0,0,0,0,0,0,0,0,0,0,0,0,0,0,0,0,0,0,0,0,0,0,0,0,0,0,0,0,0,0,90.0791812533,0,0,0,0,0,0,0,0,0,0,0,0,0,0,0,0,0,0,0,0,0,0,0,0,0,0,0,0,0,0,0,0,0,0,0,0,0,0,0,0,0,0,0,0,0,0,0,0,0,0,0,0,0,0,0,0,0,0,0,0,0,0,0,0,0,0,0,0,0,0,0,0,0,0,19.9069731235,24.301607052499996,0,16.21113833839,16.430772146746666,25.5616669927,12.268194149900001,0,0,0,0,0,0,0,0,0,0,0,0,0,0,0,0,0,0,0,0,0,0,0,0,0,0,0,0,0,0,0,0,0,0,0,0,0,0,0,0,0,0,0,0,0,0,0,0,0,0,0,0,0,0,0,0,0,0,0,0,0,0,0,0,0,0,0,0,0,0,0,0,0,0,0,0,0,0,0,0,0,0,0,0,0,0,0,0,0,0,0,0,0,0,0,0,0,0,0,0,0,0,0,0,0,0,0,0,0,0,0,0,0,0,0,0,0,0,0,0,0,0,0,0,0,0,0,0,0,0,0,0,0,0,0,0,0,0,0,0,0,0,0,0,0,0,0,0,0,0,0,0,0,0,0,0,0,0,0,0,0,0,0,0,0,0,0,0,0,0,0,0,0,0,0,0,0,0,0,0,0,0,0,0,0,0,0,0,0,0,0,0,0,0,0,0,0,0,0,0,0,0,0,0,0,0,0,0,0,0,0,0,0,0,0,0,0,0,0,0,0,0,0,0,0,0,0,0,28.9645868937,0,0,0,0,0,0
23.703779553725,12.42705196452721,14.593718995299998,17.386742142061905,23.48322504918889,13.409129193577192,23.582498588971998,13.999295529109375,16.63797070728636,59.1887485504,28.521866202349997,22.96834107244154,27.372344758016666,0,29.981279049,0,12.955137289315594,13.33284990772034,13.57562813768659,17.7897419100994,16.060808488485925,22.971893148461003,18.677417741283037,21.22382136817105,21.402943337323794,14.327047584085369,19.251712540302865,16.848694350456384,14.377920557402645,15.189914020548127,19.684125519931985,28.06398834628608,33.13301016538969,35.518089202775,21.585697755453793,36.09792573903333,36.46537734295217,22.145394062939285,30.710194143586484,33.93646031357617,22.749829094046298,32.87655855798674,27.40483173840507,29.04363598400173,32.06876488054545,41.8238673806125,31.087900571181994,36.83411033946666,36.880921218589656,49.426526784925,0,63.44872906473333,72.8877401352,46.60183843203143,40.48129359832273,47.456352008149985,27.975063204523163,31.49291896291255,28.187002865760938,35.656976291099994,36.451134119721424,30.137552174049297,38.66215751424791,43.880479901850876,51.04024383408214,49.59014792429153,47.762636419331734,50.37126312472728,66.16578042329104,78.04785714828573,56.522949091028565,75.08983027140668,74.99562149782307,0,0,84.566564798375,85.17339955843079,66.74213812900769,80.05680561066364,76.27979024620697,22.387757603527824,20.868469528443903,23.06381847043043,26.92653422380463,38.52229547021333,47.952807136795734,54.26357866971069,54.44346978617255,63.241896757707686,73.6699991226,76.83990430835,39.528124125800005,44.931715084961546,43.072519076505266,44.66154365105304,51.195802095714456,55.495950562609515,57.7045116425,67.65314645183061,69.54845347771538,75.20772296731818,75.63816070556666,0,66.72198652479999,70.35026328649062,76.94241609574667,68.13506762186667,71.43496322632001,58.54016794791847,54.073078306094736,63.517927198523516,59.65189750491501,76.34105064588053,80.54765534401875,86.6458311081,81.5793326696,0,92.2216711044,84.88728141784546,92.79920260113332,93.227104187,87.665145874025,88.69770971936666,0,0,77.52658750613541,84.01663398743332,80.5782984495125,80.63751654191819,92.24157691022499,81.996658802,0,90.83385862622858,0,92.20004558563332,0,0,0,88.545358903,0,89.5962274369182,0,85.70442914965,84.36932097543333,91.076369047175,87.3766498566,83.22043159272222,0,0,0,0,0,0,0,0,0,0,0,0,0,0,0,0,0,0,0,0,0,0,0,0,98.0041761398,0,0,0,0,0,0,0,0,0,0,0,0,0,0,0,0,0,0,0,0,0,0,0,0,0,0,0,0,0,0,75.64477221173333,0,0,0,0,0,0,0,0,0,0,0,0,0,50.89641055988333,43.57245562016481,25.709419148593526,35.60580326262381,28.81614828115,19.357851486212603,14.245089897970319,47.07896400606253,26.008004939314095,23.048113812334094,37.52022267214299,28.450321067471425,73.23771362080001,38.1624970436,0,0,0,0,0,0,0,0,0,0,0,0,0,0,0,0,0,0,0,0,0,0,0,0,88.5735082626,78.76041666663333,0,0,0,0,95.0166683197,0,0,0,0,0,100.160423279,0,0,0,0,0,0,83.0799999237,74.47291994094999,0,0,0,0,0,0,0,0,0,76.7124919891,81.8674888611,0,0,0,0,0,0,0,0,0,0,0,0,0,0,0,0,0,0,0,0,0,0,0,34.011716206866666,0,40.519922462377274,47.258951415822445,52.8093639675,62.645227146159996,0,0,76.3795862198,0,0,0,0,0,0,0,0,0,0,0,0,0,0,0,0,0,0,0,0,0,0,0,0,0,0,0,0,0,0,0,0,0,0,0,0,0,0,0,0,0,0,0,0,0,0,0,0,0,0,0,0,0,0,0,0,0,0,0,0,0,0,0,0,0,0,0,0,0,0,0,0,0,0,0,0,0,0,0,0,0,0,0,0,0,0,0,0,0,0,0,0,0,0,0,0,0,0,0,0,0,0,0,0,0,0,0,0,0,0,0,0,0,0,0,0,0,0,0,0,0,0,0,0,0,0,0,0,0,0,0,0,0,0,0,0,0,62.629133303950006,55.740203009000005,0,0,44.9474987984,0,0,0
0,16.09701628343846,0,24.146982828349998,18.8016635736,19.812489388228123,39.337665414211116,18.254984272440005,22.39043449821111,63.0625009537,33.8920116425,32.04695329486111,33.8923616277,0,31.1715211091,12.955137289315594,0,12.509550132184614,12.017232325002787,12.944630174018007,13.97912854120348,15.7292117852244,15.713368423773462,22.01969587828328,19.057146345579334,13.088348563046134,17.6237630816629,18.14875805589013,14.936093014926135,16.933429159080326,22.392911795478234,30.377121307320834,37.3282472403381,48.04847174421667,28.544530870356244,44.077516005679996,49.7573096589,28.879044972905614,36.369261582700005,40.001049638676,27.883926696094328,36.26910881442142,29.07200535525579,32.72668198676034,33.51577018027907,38.2661082745,35.083938111365626,42.86699867245,39.271778709005254,61.27760481835,0,63.24421943937142,75.73941020966001,44.99668145179546,41.8655858967,46.972550096837494,26.68226595888308,32.232332377193586,23.219060765660686,29.495020872837838,31.723381439846293,22.958281519877637,34.96260953814834,40.33770721595192,47.22612836090932,46.087073748071596,47.54539589036075,47.861327036694114,63.51337894800784,68.8620839119,53.71992425523547,75.30374223535455,73.86865301691763,80.6620788574,0,77.2601013184,75.4983107249,65.3230468245,77.1383302212,75.72436193184814,30.918083042527773,30.418724442812323,30.399061619471958,32.258846079044574,42.259430044188285,49.08758103189702,53.96910790117928,54.01919879232143,60.731285452858344,0,0,35.43660670453015,37.90645873120892,38.65851079975556,41.345500088982355,47.63182234996779,51.909305212235566,56.9545822143,65.50543587143784,66.08807855845,75.65171359834761,0,0,63.01969481790809,68.78978002691733,74.83425337752173,66.08100295064999,66.31332969666,55.31678676951428,50.11939654349428,60.29386858317826,56.025879278297566,74.67504043484587,81.0305762092625,0,86.67449903490001,0,0,83.277541399,90.34805123001667,0,86.21446371075,98.47271108625,0,0,76.79253327434999,84.75634598734166,77.03100147247,78.7918316329875,85.83924070996666,87.40742301942501,100.460826874,88.43764400481666,0,95.0504865646,0,95.7874984741,0,93.53322630905001,0,90.60953246525713,0,0,86.2055586406143,93.86583280585,91.0683355332,80.22147968835715,0,0,0,0,0,0,0,0,0,0,0,0,0,0,0,0,0,0,0,0,0,0,0,0,93.0835466385,0,0,0,0,0,0,0,0,0,0,0,0,0,0,0,0,0,0,0,0,0,0,0,0,0,0,0,0,0,0,69.89588006336666,64.7516665459,0,0,0,0,0,0,0,0,0,0,0,0,47.182590675878025,40.38070180939268,24.196208614176367,41.5333245198,0,27.745419265855553,15.553230178245624,49.03836377584206,33.1138842660045,28.211604068334083,41.753475937243756,28.6358382543,84.04753902326667,0,0,0,0,0,0,0,0,0,0,0,0,0,0,0,0,0,0,0,0,0,0,0,0,0,0,0,0,0,0,0,0,0,0,0,0,0,0,0,0,0,0,0,0,0,0,0,0,0,0,0,0,0,0,0,0,0,0,0,0,0,0,0,0,0,0,0,0,0,0,0,0,0,0,0,0,0,0,0,0,50.3041652044,53.1733430227,46.59968407946667,50.15198850632142,55.1209928195,66.8737545014,0,0,75.5791702271,0,0,0,0,0,0,0,0,0,0,0,0,0,0,0,0,0,0,0,0,0,0,0,0,0,0,0,0,0,0,0,0,0,0,0,0,0,0,0,0,0,0,0,0,0,0,0,0,0,0,0,0,0,0,0,0,0,0,0,0,0,0,0,0,0,0,0,0,0,0,0,0,0,0,0,0,0,0,0,0,0,0,0,0,0,0,0,0,0,0,0,0,0,0,0,0,0,0,0,0,0,0,0,0,0,0,0,0,0,0,0,0,0,0,0,0,0,0,0,0,0,0,0,0,0,0,0,0,0,0,0,0,0,0,0,0,0,75.5499982834,59.04445259365714,90.2769317839,0,0,0,0,0
32.5488784047,14.70196999444,18.153123774716665,27.01349663845,27.0840266514,16.627749951907145,33.62114083741429,12.577051767027273,15.566678794333331,58.7211970161,50.4033747779,37.26473384695,35.885214034,0,38.0461507827,13.33284990772034,12.509550132184614,0,11.753559321344218,14.222315482036468,17.355843493092134,20.902233924057896,19.95292609614125,35.02646882268333,26.230210389757143,14.00174252483312,21.843082785599996,23.900141998995238,14.09236885728,14.277154007477776,23.099645884073684,0,31.5476118934,50.674568338,29.068782247375,38.260454281399994,48.399588712,28.895586710420005,0,0,31.640886723999998,30.0854141712,37.82389937506666,34.7179908752,0,0,46.630871454899996,0,0,0,0,0,0,0,0,0,42.02817650477001,0,31.020792450215385,33.4833288193,0,0,45.66083431245001,58.4494071007,51.89871056873333,63.9124965668,0,0,0,0,0,0,0,0,0,0,0,0,0,0,33.66391835244,29.4604759216,35.5575022698,36.7345833778,55.61363649366667,59.05416727066666,70.5825004578,0,0,0,0,0,0,0,0,0,0,0,65.1208319664,0,0,0,0,75.78667720639999,85.8371095385,0,0,0,0,0,0,76.7716303457,0,0,0,0,0,0,0,0,0,0,0,0,0,0,0,0,0,0,0,0,0,0,0,0,0,0,0,0,0,0,0,0,0,0,0,0,0,0,0,0,0,0,0,0,0,0,0,0,0,0,0,0,0,0,0,0,0,0,0,0,0,0,0,0,0,0,0,0,0,0,0,0,0,0,0,0,0,0,0,0,0,0,0,0,0,0,0,0,0,0,0,0,0,0,0,0,0,0,0,0,0,0,0,0,0,0,32.61685672073333,0,0,34.81635460855,22.219687498055002,0,38.124938837812,38.51198507593847,0,40.8430335277,0,0,0,0,0,0,0,0,0,0,0,0,0,0,0,0,0,0,0,0,0,0,0,0,0,0,0,0,0,0,0,0,0,0,0,0,0,0,0,0,0,0,0,0,0,0,0,0,0,0,0,0,0,0,0,0,0,0,0,0,0,0,0,0,0,0,0,0,0,0,0,0,0,0,0,0,0,0,0,0,0,0,0,0,0,0,0,0,0,0,0,0,0,0,0,0,0,0,0,0,0,0,0,0,0,0,0,0,0,0,0,0,0,0,0,0,0,0,0,0,0,0,0,0,0,0,0,0,0,0,0,0,0,0,0,0,0,0,0,0,0,0,0,0,0,0,0,0,0,0,0,0,0,0,0,0,0,0,0,0,0,0,0,0,0,0,0,0,0,0,0,0,0,0,0,0,0,0,0,0,0,0,0,0,0,0,0,0,0,0,0,0,0,0,0,0,0,0,0,0,0,0,0,0,0,0,0,0,0,0,0,0,0,0,0,0,0,0,0,0,0,0,0,0,0,0,0,0,0,0,0,0,0,0,0
0,15.939962753788059,18.1603629294,24.3962429347,33.822728193625004,15.838263434953332,29.459865106325,13.224532997799999,16.440161267460002,60.6358446757,0,26.131256388888886,28.825395886266666,0,32.7313049054,13.57562813768659,12.017232325002787,11.753559321344218,0,12.586992062575664,14.745663478414693,15.602795080240035,16.60939847179322,25.39162149765062,20.20054665467156,13.972938298058514,18.86471777891085,20.55952492569814,15.370675537080992,14.078710870838334,21.040992881707403,34.296561105290905,45.858467742799995,40.41136981588001,20.279650971531034,31.606883951828568,0,27.952478630188683,29.9936184883,43.7931668129,30.81073375382308,42.543182986514275,32.5546083569,35.902573744461115,34.98149844008333,0,41.143718185416,0,37.4578576088,75.6537494659,0,57.53769888194286,80.58500051499999,51.26426802743333,47.82329781853333,50.213486099245,30.000180317580384,35.65274866805556,24.341052301193578,27.460293173800007,28.4943898618375,23.536044497377272,35.56540694459466,41.05184486477629,49.53196732460121,46.62661743890572,49.545112689350006,52.29534218862308,67.49248886108889,83.7783412933,63.70001820812222,77.4730641047,74.79140901565,0,0,0,86.886074543,67.2086172104,0,77.14188469782222,31.92471709706,31.203887793156,31.2935857297625,37.2260896026147,48.44868157238793,54.969953527456,57.602723419674994,56.29500489236,62.866102504740006,72.2499990463,0,35.40795746377442,38.02445477531904,40.28176396033529,41.669788796329314,47.30344907167932,50.542412855692305,0,64.421851933,0,79.68417191505,0,0,64.42100859633396,70.52354971774285,72.46959519385001,67.8250033855,69.49546225863332,54.55883010006744,49.748393917087995,59.568675253129626,57.162207065171415,75.82935040838929,75.758918762175,0,0,0,0,88.04584636688,94.25999784465,0,81.63776445389999,0,0,0,75.92631306367647,89.2905693054,74.7590458393125,79.93411199669474,99.3829221726,84.10074361163333,0,89.75164031985,0,0,0,0,0,102.5573748905,0,105.931963921,0,0,94.23781585719999,0,0,87.13540585839999,0,0,0,0,0,0,0,0,0,0,0,0,0,0,0,0,0,0,0,0,0,0,0,0,102.001511574,0,0,0,0,0,0,0,0,0,0,0,0,0,0,0,0,0,0,0,0,0,0,0,0,0,0,0,0,0,0,66.7237472534,67.6732120514,0,0,0,0,0,0,0,0,0,0,0,0,49.043281302988895,43.22553246361428,25.687750813169277,40.3291702271,0,29.539380371575,18.637503270508976,53.199833898295005,36.72462610272491,33.183804864464236,45.90597377882962,29.1321585213,77.750845522,0,0,0,0,0,0,0,0,0,0,0,0,0,0,0,0,0,0,0,0,0,0,0,0,0,0,0,0,0,0,0,0,0,0,0,0,0,0,0,0,0,0,0,0,0,0,0,0,0,0,0,0,0,0,0,0,0,0,0,0,0,0,0,0,0,0,0,0,0,0,0,0,0,0,0,0,0,0,0,0,0,0,0,58.9799995422,0,0,0,0,0,0,0,0,0,0,0,0,0,0,0,0,0,0,0,0,0,0,0,0,0,0,0,0,0,0,0,0,0,0,0,0,0,0,0,0,0,0,0,0,0,0,0,0,0,0,0,0,0,0,0,0,0,0,0,0,0,0,0,0,0,0,0,0,0,0,0,0,0,0,0,0,0,0,0,0,0,0,0,0,0,0,0,0,0,0,0,0,0,0,0,0,0,0,0,0,0,0,0,0,0,0,0,0,0,0,0,0,0,0,0,0,0,0,0,0,0,0,0,0,0,0,0,0,0,0,0,0,0,0,0,0,0,0,0,0,0,0,0,58.488099169575,0,0,0,0,0,0
