0,13.07757195981761,14.530575678869564,0,21.298122478727585,14.6207206994625,13.224121991531339,24.62884751809028,22.425953009591893,20.99016919795978,24.5937628539649,34.93907022128491,36.710752757265624,46.1427667141,37.316758555387956,38.221186192730066,53.7787146690641,70.68834284882685,81.68401449780464,19.6879803624908,30.987692541169054,55.28594061754173,91.2469897185,45.19885106384375,65.6807387319661,70.05762176330578,64.60717953271708,78.79252916142174,89.33016516368666,90.118806600575,81.262380714416,91.49554309844001,88.86287260054999,90.53332358223571,86.60308734569999,0,0,0,0,0,0,0,0,0,0,0,0,0,0,0,0,70.1478290558,0,0,0,29.54050936644777,13.998347480131093,42.90495998338227,21.28963655284692,16.166754598697977,30.585231672448298,14.843615721699999,56.370215576433324,25.050288725755557,0,0,0,0,0,0,0,74.2545814514,0,0,0,0,0,0,0,0,0,0,0,0,29.18921090942,41.49252264316923,53.53168988224999,0,0,0,0,0,0,0,0,0,0,0,0,0,0,0,0,0,0,0,0,0,0,0,0,0,0,0,0,0,0,0,0,0,0,66.00458653769999,52.03442609986841,56.4833345413,0,33.1852469444,0,0,0
13.07757195981761,0,13.572942256286362,13.975123699125,13.011383790971427,15.080464116249999,14.383109994371667,36.70353019985366,25.13669830194,15.517412303130765,21.998387847205088,43.56827324414231,52.81185606806667,70.399692678225,49.334136336406665,49.37864264356,69.95411640301111,88.33645887212,95.756251700625,17.96067855492449,35.64087576553514,83.15096061863332,95.76764386515,54.3945837021,86.85311582353333,93.965880221925,77.1317220752,109.42572468299997,117.016236306,130.999807167,108.71860218,0,0,121.24805790799999,108.57343483,0,0,0,0,0,0,0,0,0,0,0,0,0,0,0,0,0,0,0,0,41.73262480816087,18.375289099242,86.0679778375,22.220011694693948,19.941055005068964,61.60910868946001,22.94862070101334,98.1523792267,53.5048835906,0,0,0,0,0,0,0,0,0,0,0,0,0,0,0,0,0,0,0,0,29.0648291111,28.1303210259,0,0,0,0,0,0,0,0,0,0,0,0,0,0,0,0,0,0,0,0,0,0,0,0,0,0,0,0,0,0,0,0,0,0,0,0,45.806666374200006,0,0,36.4518718719,0,0,0
14.530575678869564,13.572942256286362,0,0,20.86177102725,0,13.801354683379166,33.47082345345556,21.030794208248,14.026835381024998,26.59095680456,51.16663727503334,47.6541614533,0,56.5231272316,55.588924499550004,75.9368664171,89.8963252751,113.48833046,29.72651560295,40.92979121205,0,0,0,74.0742619973,88.9666728973,82.73419212920001,115.4221391775,118.933598518,125.9137576735,0,0,0,0,0,0,0,0,0,0,0,0,0,0,0,0,0,0,0,0,0,0,0,0,0,66.226428477,29.055870781583327,0,44.53883633298,39.37495026533333,0,0,0,0,0,0,0,0,0,0,0,0,0,0,0,0,0,0,0,0,0,0,0,0,0,0,0,0,0,0,0,0,0,0,0,0,0,0,0,0,0,0,0,0,0,0,0,0,0,0,0,0,0,0,0,0,0,0,0,0,0,0,0,0,0,0,0,0,0
0,13.975123699125,0,0,13.540176312875001,0,60.3672008514,0,35.1762478352,13.226809049785714,18.23775908096667,0,0,0,0,0,0,0,0,30.1946663857,0,0,0,0,0,0,0,0,0,0,0,0,0,0,0,0,0,0,0,0,0,0,0,0,0,0,0,0,0,0,0,0,0,0,0,0,0,0,51.94300444505,52.9085480196,0,0,0,0,0,0,0,0,0,0,0,0,0,0,0,0,0,0,0,0,0,0,0,0,0,0,0,0,0,0,0,0,0,0,0,0,0,0,0,0,0,0,0,0,0,0,0,0,0,0,0,0,0,0,0,0,0,0,0,0,0,0,0,0,0,0,0,0,0
21.298122478727585,13.011383790971427,20.86177102725,13.540176312875001,0,14.632720463207693,24.46817698852162,41.098871757893335,27.690019144269815,14.406299493285822,16.688094007386727,38.40366567223125,59.99239961815713,62.14311915243333,54.392304992778264,51.96388972984615,69.31057643895,81.876913758725,82.28246301844999,13.416317951566665,27.415412320068295,74.96909894944285,90.8312444687,0,94.1654949188,91.4125041962,89.4196076803,109.722185389,119.847062111,0,0,0,0,0,99.5176963805,0,0,0,0,0,0,0,0,0,0,0,0,0,0,0,0,0,0,0,0,39.58478956870909,28.175147994341835,71.0687532425,25.608756233240413,32.22995286728718,42.5143742879,25.6017760908,0,0,0,0,0,0,0,0,0,0,0,0,0,0,0,0,0,0,0,0,0,0,19.650611797966665,31.982091426833335,0,0,0,0,0,0,0,0,0,0,0,0,0,0,0,0,0,0,0,0,0,0,0,0,0,0,0,0,0,0,0,0,0,0,0,0,41.833348810675,0,0,0,0,0,0
14.6207206994625,15.080464116249999,0,0,14.632720463207693,0,30.834955520742863,61.2182761306,40.4495110409,24.250766752933334,31.032235411520006,62.2957804157,52.0386084259,0,76.42183193635,0,0,90.5358009338,0,15.146364078975,29.307088855619998,73.41339132212,94.55337098825,0,90.470826149,0,0,0,0,0,0,0,0,102.43055406775,87.9126718339,0,0,0,0,0,0,0,0,0,0,0,0,0,0,0,0,0,0,0,0,0,26.898484432680007,98.8381013871,17.286405464240907,18.92911642046957,28.5222971996,15.289109949099998,102.857572556,0,0,0,0,0,0,0,0,0,0,0,0,0,0,0,0,0,0,0,0,0,10.7437515259,0,0,0,0,0,0,0,0,0,0,0,0,0,0,0,0,0,0,0,0,0,0,0,0,0,0,0,0,0,0,0,0,0,0,0,0,0,35.459084113450004,0,0,0,0,0,0
13.224121991531339,14.383109994371667,13.801354683379166,60.3672008514,24.46817698852162,30.834955520742863,0,15.319724457196324,15.735301058181891,19.979219347662664,24.44551024258024,30.323125184192534,35.74064112291002,47.1793084916097,29.146675187675502,25.977343734769523,47.72634642268209,66.87670005460484,77.77717174074716,22.49773615714319,33.689278312757715,52.05450722105391,80.72048203151667,39.2880559814804,58.68674233206296,66.73077016024887,57.75873532385065,77.30889544337148,87.53492076053926,91.16656725747144,79.416490059199,90.81483702038042,94.50771589283,89.77033142100244,87.26984296797998,0,0,0,0,0,0,98.417965889,0,0,0,0,0,0,0,0,0,76.67039837154284,0,0,0,27.73970125520068,15.144676126073671,48.16378364158661,27.914287583534872,24.485681274931235,39.68521429845183,32.88161149888,79.41775584364001,37.3183317184,0,0,0,0,0,77.5408372879,0,84.65775925768573,89.42590554553331,0,97.41968774775,0,83.71886730194001,0,84.68005540635555,0,0,0,0,0,39.642213911620004,48.50929777572708,56.995933687362154,76.5491628647,0,0,0,0,0,0,0,0,0,0,0,0,0,0,0,0,0,0,0,0,0,0,0,0,0,0,0,0,0,0,0,0,78.2800045013,67.53008262315834,57.639547244559786,88.9741471972,0,45.4808306694,0,0,0
24.62884751809028,36.70353019985366,33.47082345345556,0,41.098871757893335,61.2182761306,15.319724457196324,0,17.635436966091913,36.94812818710855,34.72785674186544,33.32289556645849,39.12164144597019,50.23039558644223,21.606000470169267,15.882184029824622,30.11190382889501,53.78046038051347,65.14096823078482,36.55450792050538,33.570817692085754,40.738473119301055,71.86265592500344,23.63823319484143,44.84045788199933,52.38370804002915,42.21785718664548,63.68359100880922,77.28860037196048,82.7953984577799,66.22491881429161,79.97470438428,82.38958988680855,78.7051641041412,75.77650168367563,0,0,109.645835559,110.991353788,97.143152495,113.865423711,78.40661704866366,105.380461491,0,0,0,0,0,103.454620361,84.109569549575,0,67.93809206782183,57.78882439930556,14.3774436712,52.144128799437496,19.135360414891917,16.425038710728284,36.46222331997776,26.464511388533833,20.434010013884212,32.38529523368741,41.47943782806364,63.81223357327719,50.87105574194285,0,0,0,0,0,0,94.8588948249,81.213438777904,82.86289691924001,0,92.826956749,89.4017457962,77.4777072993227,0,78.05157725565171,0,0,85.3375790119,88.9537572861,0,58.76864147185555,45.89400710274665,49.403933011842646,71.57653379439165,0,0,0,0,0,100.545838356,104.628781796,0,0,0,96.3562450409,0,0,0,0,0,0,0,0,0,0,0,0,0,0,0,0,0,0,0,0,0,92.7923293113,57.812571697898015,54.86947142041637,79.75166283714444,0,45.2147908211,0,0,66.4566683769
22.425953009591893,25.13669830194,21.030794208248,35.1762478352,27.690019144269815,40.4495110409,15.735301058181891,17.635436966091913,0,16.923680535806515,16.484839720995446,17.90895401446062,28.93741362061697,36.991611930781026,20.28698502967754,28.350406880101925,47.81297033127558,57.777024014926475,73.93408972765071,22.70772146744917,30.43950537264279,44.533972115810194,82.39678212048037,40.41114509021911,64.09886583884575,68.45819753763293,60.6863204678112,79.01269558558663,90.84286345705567,93.48087752517303,81.510810553431,93.31249938512701,95.27324959615001,91.46694397149577,88.4451607496891,0,127.131981451,123.451434602,112.26224117985001,104.96669058245,130.378925051,88.14007867375715,111.9675253517,0,0,0,0,0,0,0,0,81.20624051017877,67.7906298637,0,55.4291777611,30.051847555678705,19.556546667143962,49.11626422800817,31.69185575983575,30.608092643350943,43.8476469218729,47.213058824384845,73.36484037604444,55.1396467686,0,0,0,0,58.5949950218,0,90.97912483208,82.61799239671112,95.59414783689999,110.0077366825,99.5952430830389,86.89303204743888,79.58199452098947,73.54958375296667,81.8778212654049,0,0,80.84995079042001,79.41979169845,0,52.541637501664155,48.99127872516779,56.101535636793336,84.179697036775,0,0,0,0,0,0,0,0,0,0,0,0,0,0,0,0,0,0,0,0,0,0,0,0,0,0,0,0,0,0,0,77.21850013735,77.39695135751666,64.03633506905366,58.394875056636074,75.82830623967693,0,48.79068027221429,95.63597138726666,0,63.5783319473
20.99016919795978,15.517412303130765,14.026835381024998,13.226809049785714,14.406299493285822,24.250766752933334,19.979219347662664,36.94812818710855,16.923680535806515,0,14.738733015731851,22.63719371546453,41.42453285593233,50.17400786493812,48.34962225524707,54.34899138636095,71.67675035484348,75.78792501576,87.44258985359139,16.343956514615776,37.93256497776019,65.69322444337791,114.13901173567501,64.26792067763871,90.06236117542444,93.12239221040159,85.16216413827742,105.38968517247241,116.2063554225625,127.36251314949999,103.49381731595625,117.54587706299999,130.576886855,117.70349952824999,107.148906708,0,0,0,0,0,0,124.846903642,0,0,0,0,0,0,0,0,0,107.529654674,0,0,0,51.62597186050131,30.029191591248075,70.05784287164137,44.05271860719573,47.38385309149314,62.6884988211306,47.57857099283333,95.90224761475,0,0,0,0,0,0,0,0,93.07316548481427,110.67409467709999,115.0020895,119.29152011866667,0,81.84430637358001,0,99.50716660245453,0,0,0,0,0,58.377607405175,62.46851618687833,70.98812093183845,118.62510252,0,0,0,0,0,0,0,0,0,0,0,0,0,0,0,0,0,0,0,0,0,0,0,0,0,0,0,0,0,0,0,0,0,81.17156610037142,69.5881490818009,79.9250020981,0,0,0,0,0
24.5937628539649,21.998387847205088,26.59095680456,18.23775908096667,16.688094007386727,31.032235411520006,24.44551024258024,34.72785674186544,16.484839720995446,14.738733015731851,0,16.139021835768425,27.964075005426256,36.08650294913152,36.05463193680192,47.88154700115309,60.89038590984232,63.07195652185958,77.90892595501316,15.952222587610567,26.298421450574846,54.85548921373274,95.7050718838875,57.56049886154409,78.06475065148045,81.15656435693164,76.82075772826784,90.8554527260738,100.98426841497727,109.61228741933333,96.22472859566983,105.15119171122001,0,102.3123765526,95.11662038492223,0,0,0,0,0,0,123.199988895,0,0,0,0,0,0,0,0,0,0,0,0,0,44.23615356097898,28.372922453041824,56.96256842107393,31.32641447890918,39.78407096818052,50.65492226723112,34.76312534097272,80.71347649893332,0,0,0,0,0,0,0,0,79.88058874822728,0,0,87.8000020981,0,75.991746425625,0,91.66800220795832,0,0,0,0,0,46.845706022684624,49.68119865219513,59.577558429615785,0,0,0,0,0,0,0,0,0,0,0,0,0,0,0,0,0,0,0,0,0,0,0,0,0,0,0,0,0,0,0,0,0,0,68.83452796936052,56.72196543179932,68.6333370208,0,40.969165802,0,0,0
34.93907022128491,43.56827324414231,51.16663727503334,0,38.40366567223125,62.2957804157,30.323125184192534,33.32289556645849,17.90895401446062,22.63719371546453,16.139021835768425,0,19.22470068073731,20.27629479225517,26.050341506529225,44.72461981930689,47.76998037962537,45.75041832795379,63.29475721942169,24.586102417461618,26.09977989496591,41.033612549591204,80.62738472654486,52.98940117993431,69.73399931315174,73.34838589773031,72.14526754126794,82.33629720600881,93.79094238111624,99.72493368562333,89.00984479348837,100.81804913421334,99.660216196475,94.27099189502617,92.5500347259788,0,0,0,0,0,0,122.317274627,0,0,0,0,0,0,0,0,0,89.7193790526,0,0,0,44.8477320829125,33.25233399943922,52.31942816555052,33.37410836532165,40.37924822239576,48.77991975492564,42.92649269104,75.5460223811,0,0,0,0,0,0,0,77.734272003175,80.40421678625,89.5391635895,0,71.2733268738,77.44012006123333,75.60544193586666,0,78.29773951321876,0,0,0,77.17305755613333,0,47.03073828562857,46.84283468427659,53.47686378330354,75.35229301455,0,0,0,0,0,0,0,0,0,0,0,0,0,0,0,0,0,0,0,0,0,0,0,0,0,0,0,0,0,0,0,78.0520868301,78.8443751335,60.7025056053647,55.570916091067524,74.54967461693333,0,0,0,0,0
36.710752757265624,52.81185606806667,47.6541614533,0,59.99239961815713,52.0386084259,35.74064112291002,39.12164144597019,28.93741362061697,41.42453285593233,27.964075005426256,19.22470068073731,0,14.545094065191916,22.452946542953946,45.09631191248209,32.61969482070427,21.257965704503572,21.069286518900565,31.779815909517954,19.641643996768803,24.58519291843126,59.963256083849,47.6941400130407,44.3015675054292,50.45640029212772,50.175678228907564,57.8295203506804,73.70626639445292,77.87331716487368,68.79257560480582,81.78695680422692,78.62356302897066,74.31302706005252,66.25984118949772,0,0,0,0,0,0,67.86989760399,0,79.0869073868,84.42250156405001,0,0,0,93.7624959945,0,0,66.61634496000984,59.44770513261429,0,50.671765916476474,44.97306496487239,43.697934460974736,43.78620279506634,25.168635786533645,43.80720106734478,49.95278728807146,33.203528280985715,64.97147905235386,66.0876063347,0,0,0,0,0,0,0,62.18396866322501,0,0,0,83.8500013351,63.90922126772,0,70.08020491599,0,85.8258333206,84.31799062096667,61.0874958038,0,45.43936582406667,35.1040390770073,40.89436050701786,62.1739427447375,0,0,0,0,0,90.7675027847,84.9916601181,0,0,0,0,0,0,0,0,0,0,0,0,0,0,0,0,0,0,0,0,0,0,0,0,0,0,45.551938338030524,43.02143694541417,63.1889588833,0,32.79590408006666,0,0,64.6149988175
46.1427667141,70.399692678225,0,0,62.14311915243333,0,47.1793084916097,50.23039558644223,36.991611930781026,50.17400786493812,36.08650294913152,20.27629479225517,14.545094065191916,0,23.627308294735336,51.587816091090595,31.763254065936685,17.88140874675639,19.32853971208515,44.05851664731714,26.2008980563837,22.537661822602384,63.77309488156579,51.37959747006891,41.867263270735485,52.12073404668069,52.981558823739554,58.51666104762685,72.8069222057317,79.66274999280768,71.04240103793819,83.18510886308309,80.79876902795483,76.039468601825,65.0994028227645,0,0,0,0,0,0,76.99569161733332,0,81.4317893982,77.1895933151,0,0,0,0,78.8666687012,0,71.1717730562,61.75315380098,0,54.92340679168,51.06518832710748,59.55592459495328,51.91635031676127,36.59928476596752,53.02572569677932,58.77620194327908,37.0156812668,69.74100322333571,75.7820253372,0,0,0,0,0,0,0,0,0,0,0,0,0,0,77.638765811925,0,80.5991659165,87.185585022,0,0,0,41.67233961981891,47.892750571,72.17688298224999,0,0,0,0,0,0,0,0,0,0,0,0,0,0,0,0,0,0,0,0,0,0,0,0,0,0,0,0,0,0,0,78.7091684342,0,54.26553670883,52.59636196068928,75.3758344651,0,0,0,0,0
37.316758555387956,49.334136336406665,56.5231272316,0,54.392304992778264,76.42183193635,29.146675187675502,21.606000470169267,20.28698502967754,48.34962225524707,36.05463193680192,26.050341506529225,22.452946542953946,23.627308294735336,0,20.21979039860366,19.548500260558647,35.04127847235028,50.23023511840397,41.64559383355313,28.489117570854802,31.484114040808834,65.32819484318594,25.428624782418364,42.944128871831104,42.46521132379335,44.73892591708526,51.58144908158289,69.36104244037418,78.41690489247428,63.62643703883165,78.80957366635394,81.84498863315096,73.08108174060129,66.27731757652802,0,90.04328040393332,92.730293477,104.68498513766667,89.92712371085,105.586526583,74.87893584740951,96.31244806415,0,0,0,0,0,92.28651746113333,88.61303672792,0,70.11111100706695,62.47909955184167,0,52.44200178555714,26.20394448142124,28.67717285046805,37.380645163039134,28.431576523010992,27.811957712524812,36.96108204431462,46.86760387310465,63.419676780411876,53.16716779980889,0,0,0,0,0,0,85.39544232697777,78.91848168326212,90.78911675104999,101.343512535,92.02228593828124,80.86939070440908,74.24848778049062,73.71112489698,76.40226735120282,79.61152585346667,86.37585512799998,81.0216073989875,82.1582406759,102.593755722,59.054685539655544,45.954397985745246,47.08783375825088,71.77208607338234,0,0,103.650001526,0,110.569581985,93.52923722703636,102.76428969706666,0,0,0,0,124.712510109,0,0,0,0,0,0,0,0,0,0,0,0,0,0,0,0,0,0,0,80.43484291663077,73.89872938042353,53.48709878325116,53.569688584383755,74.96549629762033,0,54.19021153451667,79.65098898752856,0,64.85922043664287
38.221186192730066,49.37864264356,55.588924499550004,0,51.96388972984615,0,25.977343734769523,15.882184029824622,28.350406880101925,54.34899138636095,47.88154700115309,44.72461981930689,45.09631191248209,51.587816091090595,20.21979039860366,0,17.82039006541062,42.4887964785998,54.33445911842933,47.495240621564534,37.54213596470379,40.78001805344442,63.177597986494,15.47818276720376,32.235006716403284,39.94321334578793,30.152842989196053,49.664301483922024,65.78826316226622,72.73151591660373,54.604327548880825,68.78700474671047,71.7603065714225,67.7330375930769,63.33818374090436,0,80.98659165703333,84.2270736694,93.27597741225,81.10216317857142,0,71.77947269436207,87.7906127294,101.3834659007,88.6981196721,0,0,0,86.22988462445,71.8084618780389,0,57.20904982865,39.676850932620376,14.64785403015,36.076677203900005,20.231232573492573,26.358058922197582,35.57248915481335,29.122629115592456,24.39378682104689,35.1085524702097,38.0036671162,59.78201208806903,49.89678920715714,0,0,0,0,0,106.969521523,99.7247562409,83.98194281276666,0,0,0,94.1750001908,79.67257976533332,0,79.59545392577826,0,91.2533330917,87.57645845415,86.3499994278,0,57.4018769264,47.68494344419451,48.12382515127618,65.85758304595332,0,0,0,0,0,95.54714298255,102.292503357,0,0,0,0,0,0,0,0,0,0,0,0,0,0,0,0,0,0,0,0,0,0,0,0,80.7250008583,90.9306526184,54.81640018508863,55.58436903640534,83.61600399017144,0,0,0,0,63.161309162766656
53.7787146690641,69.95411640301111,75.9368664171,0,69.31057643895,0,47.72634642268209,30.11190382889501,47.81297033127558,71.67675035484348,60.89038590984232,47.76998037962537,32.61969482070427,31.763254065936685,19.548500260558647,17.82039006541062,0,19.219289144290695,35.543246852184986,63.40628377462991,41.11109240296776,32.06569493841604,53.00274801035011,15.85729888622425,22.777420562947086,27.530253530642522,22.782151673004233,34.61944321840255,52.746732729119195,62.28765631897484,44.47189356799989,59.97402382442449,62.77495555174196,57.971663588902636,49.76258393116875,0,75.8015700976,83.75688171386668,81.10739372494,78.54737051328331,0,58.52207980157,66.1606537501,57.7668771744,0,0,0,0,75.28369140626667,62.46592221941428,0,49.579742081145305,40.29314649105769,0,36.6903492103909,24.860461872320112,42.25471660162861,36.67915892958509,32.9518837704612,31.68923283384765,40.0781216136999,51.210523128512506,53.69015038283193,52.37792125607435,0,0,0,0,0,0,93.9188671112,79.790051937075,0,0,0,82.5126628876,82.77158069609999,75.59946664173333,78.44288848241335,71.15061887106665,81.64241441089999,77.1241738796125,81.91623449325,87.6237573624,67.73696478206666,52.03084407639381,48.52396681815982,54.306546003917404,74.4383306503,0,0,90.7249336243,0,85.66312408448331,82.8441661199,0,0,86.8546466827,90.0875005723,0,0,0,0,0,0,0,0,0,0,0,0,0,0,0,0,0,0,0,0,79.57609971365,85.800490856175,53.05332811856565,57.13010286813346,82.10624235324545,88.4375019073,55.6554179191,68.59680104255,0,57.992837958855546
70.68834284882685,88.33645887212,89.8963252751,0,81.876913758725,90.5358009338,66.87670005460484,53.78046038051347,57.777024014926475,75.78792501576,63.07195652185958,45.75041832795379,21.257965704503572,17.88140874675639,35.04127847235028,42.4887964785998,19.219289144290695,0,16.06042459079793,69.8518287474,44.820143391856575,25.988706349312704,45.131885911721035,42.24869609259123,19.458449835631953,32.62034461930893,40.59937255330416,30.154649544615786,49.84871420527,64.33352342209065,59.22774047352114,73.7405289066658,72.58197066424434,61.94949893922664,34.11069484588693,0,0,0,65.1029176712,72.718470931075,0,64.83943210948182,71.07510614395,77.4459037781,74.2306232452,0,0,0,69.81522623696665,68.34181861876,0,60.847879734762365,55.972644927303705,0,46.72963511944375,44.750886447094544,61.02098475610419,49.36419835646038,40.61816590212502,49.801938514456445,56.03681612395994,70.66015932295555,63.84109136270354,64.37224073426876,0,0,0,0,0,0,0,86.0420670509,0,0,0,0,80.7729129791,81.5666685105,79.75210244313809,0,79.8580069542,80.52053165437776,0,13.9767260551,77.54840641022,59.49301261732071,53.87244151911935,56.461184772909085,0,68.6645822525,0,0,0,83.1229391098,89.97624905916666,0,0,0,0,0,0,0,0,0,0,0,0,0,0,0,0,0,0,0,0,0,0,0,0,78.8321059545,94.5599975586,58.042882748595694,64.56209084275866,76.21144946416666,83.112496376,0,0,0,66.88745918274002
81.68401449780464,95.756251700625,113.48833046,0,82.28246301844999,0,77.77717174074716,65.14096823078482,73.93408972765071,87.44258985359139,77.90892595501316,63.29475721942169,21.069286518900565,19.32853971208515,50.23023511840397,54.33445911842933,35.543246852184986,16.06042459079793,0,87.31329937524998,61.10899989672395,27.328352583136347,26.07694192402202,47.809175306926896,18.899435589907046,26.58963206676784,34.841190392988814,18.394032222113907,26.145797302436296,39.80113552035827,42.30662128717542,53.25703301324302,55.808165997474624,36.44941062140325,20.61345960451121,17.1895819902,49.284305906300006,54.1862444878,66.9658080935375,60.18284085945185,0,46.53832879374623,59.88468207253334,64.8123250008,46.84976968766,0,0,0,60.4206380844,59.79606170566481,0,48.00707156661039,42.211433150431205,0,35.5549985835921,44.0011693619524,69.80219154683655,47.473395676454864,37.93819497863283,53.330227640731856,57.63056366044057,72.83243266741667,47.976241060902446,62.914538804163335,0,0,0,0,0,0,0,0,0,0,0,0,0,0,96.9929213524,16.346941248,20.22346258165,80.2998151779,89.6957073211,12.985699693366664,0,67.53216778039,59.89263647275126,42.245086431491295,15.594532132133333,0,0,0,0,0,78.29726505284285,0,0,0,63.0500006676,0,0,0,0,0,0,0,0,0,0,0,0,0,0,0,0,0,0,0,0,69.74821424485,0,64.034802159836,69.72341483067306,87.9678111077,0,0,0,0,54.909041643125
19.6879803624908,17.96067855492449,29.72651560295,30.1946663857,13.416317951566665,15.146364078975,22.49773615714319,36.55450792050538,22.70772146744917,16.343956514615776,15.952222587610567,24.586102417461618,31.779815909517954,44.05851664731714,41.64559383355313,47.495240621564534,63.40628377462991,69.8518287474,87.31329937524998,0,18.767412224233173,56.604293824739464,80.72254881036666,58.24467049704583,74.6482986794044,82.30148227570832,76.8878641274532,90.21473613746981,99.84628046744444,0,95.27367649079332,106.995827675,0,97.89618841651668,82.47873441688333,0,0,0,0,0,0,0,0,0,0,0,0,0,0,0,0,0,0,0,0,41.50901633850881,26.368081254321236,53.80745652697853,21.56018775566202,34.48268876997678,46.610036953811395,15.413465787710258,95.51962810839998,0,31.4715984569,0,0,0,33.200895071,37.256055396914284,42.1946696608,47.9818633469697,41.914674704199996,0,38.746536418357145,33.54765139023333,48.51688148179999,0,57.00949183215926,0,0,72.46287107465,0,0,13.78802300433245,20.791847083360263,47.540835695783585,77.7380552292,0,0,0,0,0,0,0,0,0,0,0,0,0,0,0,0,0,0,0,0,0,0,0,0,0,0,0,0,0,0,0,0,36.69640662247273,54.35976509820952,23.69650801278597,40.33955766378462,0,16.251938003047915,0,0,0
30.987692541169054,35.64087576553514,40.92979121205,0,27.415412320068295,29.307088855619998,33.689278312757715,33.570817692085754,30.43950537264279,37.93256497776019,26.298421450574846,26.09977989496591,19.641643996768803,26.2008980563837,28.489117570854802,37.54213596470379,41.11109240296776,44.820143391856575,61.10899989672395,18.767412224233173,0,21.76961139561363,57.28406771521345,45.20178718200879,58.93765182724557,60.493515205017154,58.058549383362134,67.86584239036678,79.44137214708121,81.66307516221622,74.82578409853161,86.69841749780893,85.73956818050371,77.75301890610811,76.60190735946962,0,0,0,0,0,0,73.896400575575,0,0,76.87008181729999,0,0,0,90.3999929428,76.126791954,0,70.99371623991999,54.570836544,0,51.6730767886,36.96730042566036,30.999868202854667,30.31827212171146,16.658217804609407,31.707812737974876,39.832239029021544,18.550515853492893,56.43699949446452,64.9979176521,41.05238452323077,37.644782543199995,0,0,37.88213443758,44.30671515013378,47.76285207210489,46.46095638398075,55.86857279848963,68.398583471775,55.920652176810734,47.21607041855118,43.05341098595959,43.73029233850816,44.89598692514822,56.954158215302364,62.7665036846647,51.58789229928708,47.51290710076197,67.27527646131395,19.94302139420067,17.799664052814187,23.945518746172887,53.33064291309905,64.7078176907,58.42333286149285,56.3422484398,64.254165411,63.101963238281826,67.43026036482307,71.65752901175128,0,0,91.4125051499,70.79251950127143,58.87583255765,0,0,0,0,0,55.24268627165,0,0,0,0,0,0,0,0,0,0,0,0,0,47.80266880812371,41.68123586610179,26.36902368826464,19.710596444838107,42.36217928394447,39.171106481546666,19.480970354639705,52.39491272181352,0,49.68413611019118
55.28594061754173,83.15096061863332,0,0,74.96909894944285,73.41339132212,52.05450722105391,40.738473119301055,44.533972115810194,65.69322444337791,54.85548921373274,41.033612549591204,24.58519291843126,22.537661822602384,31.484114040808834,40.78001805344442,32.06569493841604,25.988706349312704,27.328352583136347,56.604293824739464,21.76961139561363,0,24.238059907395485,42.418014339760234,30.740874675217718,30.585083715685293,31.53152290011127,27.42015588249793,40.538582395148666,50.55658989345226,44.440964331149125,56.886600715566125,57.03054938862493,35.08751991744342,26.772975466132483,38.92502920194092,55.402452427607706,67.5428646129087,67.94506396966568,63.00507993310149,47.949962655700006,39.800653914647,59.50094389837426,52.608147574578204,42.02360231237631,0,0,65.60697984695,60.66259674672596,58.51340294710806,0,48.73808235747115,42.347310649452474,51.243288516999996,34.22299788363409,32.68862863903189,48.44097948715947,20.39528696685197,17.30344696099624,38.17543305314492,43.34892396124055,30.42981196147515,27.35686260401866,52.35973161732941,48.09289717675,0,0,0,0,49.000152279347056,48.96704876692255,52.58123189255311,64.55776407718416,80.95317478182,64.99420777639067,53.55045753319945,48.77722914704789,46.20923797193254,45.827222416332866,49.51644514757758,54.44605962435834,47.402288341987855,47.871034514904,61.93710586800625,50.09617580686122,24.21460764513832,20.196781431614003,25.594861866449563,56.50880622864285,55.19679500162812,53.27045783996,56.27914566463333,58.706431150439116,59.116535601791114,61.4041340967965,62.31246920995,81.62972466149999,71.59317201375626,51.668439776667746,50.576576246036716,0,0,0,92.924996376,0,36.49253711105416,0,0,42.40128688813,0,0,0,0,0,0,0,78.0812568665,0,0,46.03624692617843,44.86050262010089,20.39165853405737,22.978463615056747,43.593360252596085,37.66724449893333,30.787508691221664,30.757607469266294,0,27.813103409849628
91.2469897185,95.76764386515,0,0,90.8312444687,94.55337098825,80.72048203151667,71.86265592500344,82.39678212048037,114.13901173567501,95.7050718838875,80.62738472654486,59.963256083849,63.77309488156579,65.32819484318594,63.177597986494,53.00274801035011,45.131885911721035,26.07694192402202,80.72254881036666,57.28406771521345,24.238059907395485,0,55.09107998942206,38.33070111640809,35.911612224989135,34.96637418953584,28.35596627235189,33.88583056695341,36.13120090803459,36.94890131008473,42.354064313611346,40.63804438693925,19.289674867893797,23.060600270451886,29.849318053122893,41.52960539277544,49.14215848155472,47.347723063666855,43.929100154223015,39.806824194066664,20.193679238040136,36.25619030424488,29.67569706430217,17.132795402395693,0,0,48.113923758275,42.8748802978759,44.77310649854857,56.7273606658,40.562258442959845,37.78045393181837,44.9885908915423,32.797576736062254,35.547243314436535,71.34574301842534,19.87794670927528,27.929906521955846,46.94774222449042,50.033498184512254,63.40075115624616,17.798467219870208,51.000649663642626,0,0,0,0,0,0,66.2287507057,75.36228990555,119.020422936,0,113.479262352,0,0,55.421097183220006,68.94702970981784,53.82067457836667,49.7097630501,51.94547386962499,67.82703561784,39.99979186058571,0,54.20913078978514,24.24619726446818,15.949352053627246,56.4600806236,49.935220309642844,59.93739859263333,45.90018852004828,49.95727509171492,45.24266975988085,43.82970436982176,45.0696417739868,53.831728853924034,50.794341850278755,32.400783515323056,34.456019982543694,38.17780890465999,45.546972076116674,0,56.57957731102831,0,33.24004397452966,54.025434017175,0,33.25646236206667,0,0,0,55.99663525361539,60.9661650658,0,55.29500380807826,45.25205184539673,0,34.9291052818,43.41736154911463,66.6852760315,25.371285908444854,39.460819859280456,55.97113393885714,57.096445254369996,59.48469177883334,22.101498793947865,0,20.029781741871826
45.19885106384375,54.3945837021,0,0,0,0,39.2880559814804,23.63823319484143,40.41114509021911,64.26792067763871,57.56049886154409,52.98940117993431,47.6941400130407,51.37959747006891,25.428624782418364,15.47818276720376,15.85729888622425,42.24869609259123,47.809175306926896,58.24467049704583,45.20178718200879,42.418014339760234,55.09107998942206,0,20.1013433596953,30.263126297800188,19.30114497808609,41.11776491905382,56.01394266336564,61.448759232130534,41.23283683245118,55.765685816409324,58.32237953289068,56.8704921473686,54.3140468348522,63.76458239555001,65.19467532635,73.9671831585,83.01394780928571,70.27996810276665,0,59.21961096409333,69.49049305915,52.342859745,73.8696375075,0,0,0,68.63014745712499,61.11203908920475,0,45.019554502678275,30.097848331146736,12.9804171324,23.022153961500003,18.615936272055826,35.44039324348906,36.50859351925884,34.23049445606985,29.534810361888784,39.371911959048745,0,57.21138409468391,51.0041564703,0,0,0,0,0,0,0,0,0,0,0,0,0,0,78.454314708725,0,0,0,0,0,0,48.861472479499994,48.4736206938561,57.24649402828889,0,0,0,0,0,97.0458393097,0,0,0,0,0,0,0,0,0,0,0,0,0,0,0,0,0,0,0,0,0,0,0,0,0,0,0,56.31373442498983,58.80362087718158,91.0416698456,0,0,0,0,0
65.6807387319661,86.85311582353333,74.0742619973,0,94.1654949188,90.470826149,58.68674233206296,44.84045788199933,64.09886583884575,90.06236117542444,78.06475065148045,69.73399931315174,44.3015675054292,41.867263270735485,42.944128871831104,32.235006716403284,22.777420562947086,19.458449835631953,18.899435589907046,74.6482986794044,58.93765182724557,30.740874675217718,38.33070111640809,20.1013433596953,0,17.279354979602253,17.20416325581363,18.20512769372885,35.09754533754346,50.534276743755896,35.45392841958552,51.29310703138571,55.03014779580379,44.975910321034874,22.7058938788613,50.78148825963332,57.79188787935,64.16817450525,64.6048521996,61.589836096762504,0,51.543144482838464,52.3734560013,0,0,0,0,0,61.69739615915,53.198100626475,0,43.76597663663846,46.36001957883333,82.6662504287,35.59370818139,33.14201096108195,54.361727559276005,44.86111044496034,42.02664128112446,41.66131050182117,50.10336574684049,68.258708834675,55.339979007599574,61.48018272650285,0,0,0,0,0,0,91.8062467575,0,0,0,0,83.6770811081,0,77.595954895,89.68849627176667,0,81.5333395004,82.129252910625,0,20.0668559074,99.0395784377,65.93009241137857,58.398458549366964,54.36836401620668,0,0,0,0,0,85.9968061447,81.08675289154999,0,0,81.0764579773,0,0,0,0,0,0,0,0,0,0,0,0,0,0,0,0,0,0,0,0,0,86.46751070024999,91.2341976166,62.736099743402946,68.16597212371356,85.65982309979998,0,0,0,0,64.24013614649999
70.05762176330578,93.965880221925,88.9666728973,0,91.4125041962,0,66.73077016024887,52.38370804002915,68.45819753763293,93.12239221040159,81.15656435693164,73.34838589773031,50.45640029212772,52.12073404668069,42.46521132379335,39.94321334578793,27.530253530642522,32.62034461930893,26.58963206676784,82.30148227570832,60.493515205017154,30.585083715685293,35.911612224989135,30.263126297800188,17.279354979602253,0,17.71455257949558,20.442186675306484,31.36772640745863,36.738714129556996,15.79971889451626,30.036091253057865,33.30318684241643,33.5742381921666,29.262624532927244,37.010706158247054,43.34743613830308,54.196290404121285,52.41284121093333,48.07291929749609,56.2280647158625,38.44217794523814,45.681900714855345,41.22504693571842,42.13778718980385,0,0,54.6692347526,43.50908201507651,41.28313319306517,39.5183415413,17.67875219713554,17.852595196914535,46.81157652258571,28.771328911602705,32.85859417168543,58.307729405159336,41.77548233012085,38.357880728020966,42.66715561747446,49.48842762756234,63.90783278146667,46.101882198176696,59.99235551137032,0,0,0,0,0,0,91.1266069412,0,0,0,0,0,91.5541715622,78.7356128693,89.71170330054285,0,0,81.31590509415,83.7562503815,82.2062540054,0,63.40386413005533,57.04449730448888,48.657772077387804,0,0,0,0,101.422497749,82.16132922169999,78.6589252510111,77.9679840693,0,78.7430524826,66.4959009481,79.8444671631,0,0,0,0,0,0,0,0,0,0,0,0,0,0,0,0,71.5479158402,0,0,79.418443203,90.5302047729,62.71967534542567,67.39467059194514,86.05083211263333,0,0,0,0,59.442689597604165
64.60717953271708,77.1317220752,82.73419212920001,0,89.4196076803,0,57.75873532385065,42.21785718664548,60.6863204678112,85.16216413827742,76.82075772826784,72.14526754126794,50.175678228907564,52.981558823739554,44.73892591708526,30.152842989196053,22.782151673004233,40.59937255330416,34.841190392988814,76.8878641274532,58.058549383362134,31.53152290011127,34.96637418953584,19.30114497808609,17.20416325581363,17.71455257949558,0,26.884342721149434,38.67045311224467,39.1061724039616,21.886440896886274,34.19539735925108,32.743984915308396,33.516312069319575,35.92881321164099,45.480544306420335,45.48865285469978,54.0136687287815,51.46132586401012,44.287415309351424,52.096744628799996,30.805299931930566,39.803635790058536,31.733071969989265,31.136609569025506,0,0,43.144787386712494,37.903292418976164,34.86631603436497,40.81464277472222,18.339533956027324,19.017815008729485,31.428431745602946,20.567381580022904,26.329563305408552,52.99419754000538,27.85977669215629,27.593054360812406,35.966338403076975,39.31268766842996,55.3096623421,29.80848839622137,45.817304143749425,0,0,0,0,0,0,106.104167461,0,0,0,0,0,0,93.4166631699,96.81829738633333,0,0,74.78646087645,85.4621515274,0,0,62.25555497721053,55.40712468396785,46.62886817660848,0,0,0,79.97548274086665,89.02593326566667,84.8514072100375,84.47616791726666,0,0,89.35365819928332,77.42527866365,72.36856042015553,0,0,0,0,0,0,0,0,0,0,0,0,0,0,0,0,0,0,0,74.4018440047875,100.206670761,57.216080008497705,63.55063861944409,86.5816793441714,90.3391628265,0,55.84227100394,0,42.57952140564117
78.79252916142174,109.42572468299997,115.4221391775,0,109.722185389,0,77.30889544337148,63.68359100880922,79.01269558558663,105.38968517247241,90.8554527260738,82.33629720600881,57.8295203506804,58.51666104762685,51.58144908158289,49.664301483922024,34.61944321840255,30.154649544615786,18.394032222113907,90.21473613746981,67.86584239036678,27.42015588249793,28.35596627235189,41.11776491905382,18.20512769372885,20.442186675306484,26.884342721149434,0,15.910679697209208,21.64941273686513,20.97215970598211,24.268152087201077,33.37994608120831,19.96597866842904,16.686626017748686,29.53001298904,36.994704896123,43.96196418876104,46.61180459273629,45.79886344389754,48.426010282700005,38.44033138471557,49.531211988512005,45.89835621524,48.15645128057966,0,0,0,48.08569357682639,45.73662871704209,0,36.16447503225162,32.72893390583133,57.69713770175455,32.457306637946736,41.52664069034605,67.16101575097343,43.37543997478137,37.743723999102826,50.360389565946896,54.95182413967911,74.26286572675384,45.73644230750711,64.35831309153484,0,0,0,0,0,0,0,0,0,0,0,0,0,92.3191652298,94.61248023169287,0,110.399992943,93.521755218475,93.8899974823,20.069157362,106.273338318,70.64822510591857,62.24915379448325,45.03891295422229,0,0,0,79.63054101193333,84.39644166855999,81.67459121166667,82.521513409175,73.5891722468,97.717502594,85.01304936408751,65.82230636387777,68.91650904143077,0,0,0,0,0,0,0,0,0,0,0,0,0,0,0,0,71.2650501796,0,0,84.4263033867,0,65.60567296642073,72.65162222513858,88.48401534555,83.937508901,0,57.417987505566664,0,59.286620057156526
89.33016516368666,117.016236306,118.933598518,0,119.847062111,0,87.53492076053926,77.28860037196048,90.84286345705567,116.2063554225625,100.98426841497727,93.79094238111624,73.70626639445292,72.8069222057317,69.36104244037418,65.78826316226622,52.746732729119195,49.84871420527,26.145797302436296,99.84628046744444,79.44137214708121,40.538582395148666,33.88583056695341,56.01394266336564,35.09754533754346,31.36772640745863,38.67045311224467,15.910679697209208,0,15.686247613486652,22.873109852447687,22.2912761373343,36.230828386269955,17.90292875459934,15.368415065119173,23.708995457550703,30.96105781183662,36.67822467793673,41.613930651636984,44.34154825800225,39.081505596650004,41.48642791165395,50.79525214317777,49.990220949809675,50.57181906371777,0,0,0,50.24783544482869,47.96557354235714,0,43.93018746351624,40.39806990072668,62.55581008063332,39.40440371083405,50.73425992351404,79.34809520245122,49.97599589741016,44.91386025112524,62.622082926439724,64.43513085631473,73.27188634875,48.63544753192107,70.24468240258135,0,0,0,0,0,0,0,0,0,0,0,0,0,0,104.73541688899999,0,0,110.931248665,105.091666221,0,0,79.022593816125,67.41311265943999,47.13557427352175,0,0,0,67.6985406876,0,92.10576948033334,83.48224334470001,77.0858770108,0,85.98488759996667,74.203077644375,69.746677994725,0,0,0,0,0,0,0,0,0,0,0,0,0,0,0,79.6050081253,75.73309113185,0,0,76.45656919481667,104.099999428,69.95170169505944,77.33732556324694,91.39127778985,0,0,56.122594197599994,0,58.21094848428928
90.118806600575,130.999807167,125.9137576735,0,0,0,91.16656725747144,82.7953984577799,93.48087752517303,127.36251314949999,109.61228741933333,99.72493368562333,77.87331716487368,79.66274999280768,78.41690489247428,72.73151591660373,62.28765631897484,64.33352342209065,39.80113552035827,0,81.66307516221622,50.55658989345226,36.13120090803459,61.448759232130534,50.534276743755896,36.738714129556996,39.1061724039616,21.64941273686513,15.686247613486652,0,22.19210999338393,18.187688759181864,20.372158781391633,15.992690881854513,15.863909653152161,14.14973897505701,15.013131772740223,15.700322757084196,21.310335998658047,26.629357502140827,23.59054782888623,27.97811027187717,34.00797732514785,45.29288862237618,46.54779152877093,78.2449881236,0,57.14975759384616,40.12829895254486,39.54145819221807,58.70884938256666,39.92846102883868,40.705501841145065,58.26668841088392,42.16898257789794,49.55196400053981,82.98112089304443,49.510184803295246,48.384539149387535,64.73709302310048,67.58756116766584,0,43.952444664871656,73.67301518256316,0,0,0,0,0,0,0,0,0,0,0,0,0,0,0,0,0,0,0,0,0,66.2068743706,64.64905452729472,47.98830491006831,0,0,0,0,92.4320850372,97.55354881315,82.48074336053001,42.10980570315,0,86.925641059775,69.25836372375,62.41326790588462,15.9624553323,0,0,90.9578170776,0,60.14461533226667,0,0,0,0,0,0,0,0,0,0,0,0,0,85.73639631275,0,68.36946126080367,76.41093228260416,0,0,0,54.83668136595555,0,53.77451186468939
81.262380714416,108.71860218,0,0,0,0,79.416490059199,66.22491881429161,81.510810553431,103.49381731595625,96.22472859566983,89.00984479348837,68.79257560480582,71.04240103793819,63.62643703883165,54.604327548880825,44.47189356799989,59.22774047352114,42.30662128717542,95.27367649079332,74.82578409853161,44.440964331149125,36.94890131008473,41.23283683245118,35.45392841958552,15.79971889451626,21.886440896886274,20.97215970598211,22.873109852447687,22.19210999338393,0,16.53080213554624,20.08775261116701,24.209191280531016,28.46106430790417,34.25536669526272,33.89145847831203,42.90267897426616,41.43545714662078,35.46957093168877,43.7979104932893,28.703510130254212,36.89659924149138,33.83924766876384,36.48740348381887,59.0304450989,0,47.52397515067241,33.22841866892581,27.61662983823045,44.862117077691174,19.922484738720488,20.327802398367705,42.229025567540944,27.65397131983762,37.7204941073953,70.95222806446473,41.46847365670123,40.17374860713588,51.91280012127763,55.90703716938174,74.316233396525,37.492720967979224,62.9241003868108,0,0,0,0,0,0,0,0,0,0,0,0,0,0,0,0,0,0,0,0,0,76.58322987189231,67.46096448898,50.523422873070245,0,0,0,97.7250003815,0,92.09710264205,89.84594949081665,70.1158342361,0,89.92943706524,67.93715143205,67.87601256370624,0,0,0,0,0,64.3458294868,0,0,0,0,0,0,0,0,0,0,0,0,0,83.02755165102,0,68.75342857612021,74.98323936168615,89.504295826,0,0,58.42493434386365,0,55.0017446036466
