0,13.678276907912121,19.040206386479998,17.652971157184506,13.344382566275273,25.556501981032664,21.715243373005876,30.346287959959902,38.03720424649108,50.452074326022604,83.32464172222444,19.21951738304468,31.291554033550824,56.71557103805081,91.09100889735001,61.030968115832536,69.64768832099342,83.98091184337734,86.00883593702122,91.36196041017855,0,0,0,0,0,0,0,0,0,0,70.1947965622,0,0,16.534126294720668,43.68163299471896,21.15612577099222,16.399388991127097,31.420377865252632,17.17843249008684,81.71677582575,25.391088036066666,0,0,0,0,0,0,83.38662544883333,0,0,0,0,28.096257947175005,40.10845964295001,53.72219598295,0,0,0,0,0,0,0,0,0,0,0,0,0,0,0,0,0,0,0,0,65.6361144384,52.24788870358948,56.4833345413,0,34.3441905976,0,0,0
13.678276907912121,0,0,26.405950575433337,13.773940876499998,33.49520086649999,15.92719736822973,37.404259536400005,55.592618361540005,68.50137585616666,113.075714384,29.60380763995,41.604791402800004,0,0,74.0742619973,84.75590236096666,120.32535868999999,113.569990158,0,0,0,0,0,0,0,0,0,0,0,0,0,0,28.881440901399998,0,44.5093189049,38.94476260624286,0,0,0,0,0,0,0,0,0,0,0,0,0,0,0,0,0,0,0,0,0,0,0,0,0,0,0,0,0,0,0,0,0,0,0,0,0,0,0,0,0,0,0,0,0,0
19.040206386479998,0,0,13.642418858687499,60.8014889427,0,14.823527252671429,18.38943410545,0,0,0,30.1946663857,0,0,0,0,0,0,0,0,0,0,0,0,0,0,0,0,0,0,0,0,0,0,0,52.082073409,52.8896310149,0,0,0,0,0,0,0,0,0,0,0,0,0,0,0,0,0,0,0,0,0,0,0,0,0,0,0,0,0,0,0,0,0,0,0,0,0,0,0,0,0,0,0,0,0,0
17.652971157184506,26.405950575433337,13.642418858687499,0,24.585801099916665,41.55036565654042,19.023510564209754,18.709278023062502,55.26503755952173,62.506870537443746,82.28454727364999,13.569841033566666,28.92086377685,73.92303013179,94.543560327575,77.74506902695,88.7928109874,112.130467394,0,96.25073699113332,0,0,0,0,0,0,0,0,0,0,0,0,0,29.414353988465418,84.67498159409999,25.01435261966373,29.502538606728912,32.109103808650005,18.19787155134545,103.034648895,0,0,0,0,0,0,0,0,0,0,0,0,17.42389672995,31.17972946166666,0,0,0,0,0,0,0,0,0,0,0,0,0,0,0,0,0,0,0,0,0,0,36.70354048410001,0,0,0,0,0,0
13.344382566275273,13.773940876499998,60.8014889427,24.585801099916665,0,15.322401666661989,16.098957009883165,28.864056462159972,29.13835422278356,32.962255512675654,78.60988710977621,22.472937325839204,33.617588730270135,52.273179963734805,74.54515933993332,46.35903065009583,62.07481813839736,79.81951652784431,81.3657070195745,89.73446667210568,0,0,0,98.4721155167,0,0,0,0,0,0,76.77270133155713,0,0,20.702117208305168,48.34431886820292,28.02235489954801,24.623398104683854,39.87171044182465,29.874503786157142,79.76475893454,38.3849973679,0,0,0,0,0,0,87.60628885471112,90.5736012458625,84.74919901953332,0,0,39.7444555231,48.50724727505274,56.58182269506,76.5491628647,0,0,0,0,0,0,0,0,0,0,0,0,0,0,0,0,0,0,0,66.66771920522221,57.56649323490315,88.9741471972,0,45.4808306694,0,0,0
25.556501981032664,33.49520086649999,0,41.55036565654042,15.322401666661989,0,18.202177614146283,35.79718600966477,21.507751084009683,21.718728249815975,65.4466487503191,36.37527875579999,33.53346818390097,40.8284691590592,71.82386139385584,28.810491944580356,45.82327878998859,65.6404695235011,68.28817101993188,77.09802622335947,0,0,101.19229862407,78.9434834304895,104.99296511774999,0,0,0,103.286286354,83.8487353325,67.74977502606778,55.18319550313157,55.0678296566,18.16780367326184,36.519566914533016,26.4814376802828,20.44368898946701,32.418801184668624,42.026000380525,63.874795977617694,50.87284102027142,0,0,0,0,0,94.75857257844999,84.51234163343125,81.10156628290667,78.1568768846638,86.94718975490002,0,58.77820963328889,45.92338358701981,49.53757175659418,72.75103149412999,0,0,104.63936074566666,0,0,0,0,0,0,0,0,0,0,0,0,0,0,0,85.57691097268332,57.79036494764902,54.919062997111915,79.9719137085889,0,45.2147908211,74.1900033951,0,66.4566683769
21.715243373005876,15.92719736822973,14.823527252671429,19.023510564209754,16.098957009883165,18.202177614146283,0,19.374911146004322,21.150019438309208,40.059932562595385,75.35696628159036,20.780462458455926,30.739120042304812,45.31053030027221,83.34760435021019,53.24474033679332,65.66974153576234,81.69274455746813,84.88225340181411,91.26444281436568,112.740819931,127.266697909,105.4593661772,95.8702981447,115.61915822343333,0,0,0,0,0,81.69344112096876,67.6642918587,52.5147485733,24.440959830140244,49.85049050661398,32.48412605172675,31.216095870140396,44.49479411481638,48.01087175356097,74.2136862878909,62.2174039947,0,0,0,67.1477618217,0,95.63319034572,88.93906569304362,85.28327063035518,83.00914166220689,87.77934413484444,0,54.14763604689833,50.13942877401097,57.106212897132814,90.58468140510001,0,0,109.623804093,0,0,0,0,0,0,0,0,0,0,0,0,0,0,0,82.22022571564001,65.01205751328266,59.48271557237255,76.56544611929999,0,50.050783514975,100.17991765343334,0,64.7429151535
30.346287959959902,37.404259536400005,18.38943410545,18.709278023062502,28.864056462159972,35.79718600966477,19.374911146004322,0,24.396519722186934,24.147982564838344,20.864541085607236,21.229657205022004,24.243025375408838,30.051782183765194,67.58318006652043,47.283913954245776,53.61550700399727,64.39675739840722,76.84429032816242,74.6915973403022,0,0,100.64971199046,78.38537735125,93.40232160506665,87.41038433709998,0,0,98.5137710571,86.16958475115001,70.57057629794788,63.18793384552401,53.58933319916487,42.30201439702406,47.64882849936199,29.324775167392666,43.22196588765714,51.25988563990792,40.54254028415715,69.81409243435256,71.40023291344285,0,0,0,56.4722189903,78.1081600189,78.44811391833333,85.97428985686406,78.17760851508027,78.31312836074079,81.66012756826,0,49.62517802533076,45.62520988373395,50.8215675038772,71.63130887348666,86.46945858,0,94.19951836284999,0,0,0,0,0,0,0,0,0,0,0,0,0,0,0,79.88899314406669,56.011195070073484,52.96447564868196,73.5627942231357,0,40.49969329834,80.9122171402,0,70.0530761083
38.03720424649108,55.592618361540005,0,55.26503755952173,29.13835422278356,21.507751084009683,21.150019438309208,24.396519722186934,0,26.20078343424135,50.57818620438318,41.33705699088777,28.261842077068387,31.47088682856072,65.499934579795,40.387962735592204,42.28768940571505,52.781692344719865,66.85937013010798,67.67395612007203,0,90.00072078019998,97.84749721729999,76.64062741153685,87.89738649416,0,0,0,92.31463177996666,88.81160855295002,70.18804628240811,62.93141414902727,49.19730968224737,26.221794298207985,37.39582004258271,28.427769009624342,27.81665064977951,36.957205803375956,46.762078128088625,63.43191405215197,53.15683518364444,0,0,0,0,0,85.3572259480111,82.16133980111574,79.05135267099872,76.37074610584757,83.01397608810564,102.593755722,59.202395268832134,45.94111191160826,47.06214147448113,71.65078320648182,99.10541534434999,101.52788543716667,97.64626879917144,0,118.70791626,0,0,0,0,0,0,0,0,0,0,0,0,0,78.46901654225103,53.4881607187881,53.573522049763476,74.87340357266064,0,54.19021153451667,79.65785530637143,0,64.84044057982143
50.452074326022604,68.50137585616666,0,62.506870537443746,32.962255512675654,21.718728249815975,40.059932562595385,24.147982564838344,26.20078343424135,0,19.923545007464472,57.409610659421126,40.40742618337124,29.80173089654173,56.26742119873585,19.197147501164192,31.842851372295957,39.492928169099244,53.9773836494791,51.46166010162358,57.5608353615,83.22495403288,84.5761294292,67.08275862289847,78.82689650745002,79.1713657258,0,0,75.26449728012999,71.47021254978378,57.46315408381554,45.32282084889579,42.161306395929735,28.189406800453384,39.95142947978647,34.276937456929325,33.800862255883644,43.22974520573001,58.11325363886667,58.94574047697469,55.652357219638574,0,0,0,0,108.075176239,91.187428712675,85.31454775548181,85.11583659052187,80.19926504293811,82.30718836102858,67.22719450793333,70.49031864513637,53.47783974054241,50.43440976587193,59.629772006028205,89.666539430575,93.0889189243,92.22637547386665,95.1691122054,93.01017189036,0,0,0,0,0,0,0,0,0,0,0,0,0,81.5438108955107,55.36707522289649,59.41075327187084,80.45248081207599,85.3470849991,54.84271001815,69.92839352286666,0,63.11050910535218
83.32464172222444,113.075714384,0,82.28454727364999,78.60988710977621,65.4466487503191,75.35696628159036,20.864541085607236,50.57818620438318,19.923545007464472,0,85.73015533412223,61.335889995424274,26.850989821678624,26.441562016220384,19.769911471671712,28.93694379875503,18.78083379354718,45.54816480509918,23.384359708760154,17.1895819902,49.22178883554,65.17127998839149,47.39221071874866,59.26844745523529,49.10830557345,0,0,60.644448630006664,60.09249900470909,48.399745260106506,43.08294672513534,36.57023191291467,45.52136538935626,47.97308593930463,38.61661753484835,53.756137256439196,57.998542647788106,72.83243266741668,48.83488057010443,63.07556425608846,0,0,0,0,0,0,0,84.0375003815,99.00417184829999,57.7958140645909,13.004413604749999,0,68.54173624192974,60.49323137333246,42.51622220602272,14.7342389822,0,76.64827728268571,0,63.5401492119,0,0,0,0,0,0,0,0,0,0,0,0,0,70.22004048026668,64.67056771140984,70.00367040383291,88.298435688,0,0,0,0,50.659626165999995
19.21951738304468,29.60380763995,30.1946663857,13.569841033566666,22.472937325839204,36.37527875579999,20.780462458455926,21.229657205022004,41.33705699088777,57.409610659421126,85.73015533412223,0,18.919934990520627,56.40656273527229,80.41789060303334,66.4554255960489,80.66226031246954,92.2513387406226,95.647097682935,93.07057719331667,0,0,0,0,0,0,0,0,0,0,0,0,0,30.96646726463697,54.00090479403501,21.617564000892276,34.66233349375373,46.92838730857326,15.466369157800003,95.41129481743333,0,31.776757230966666,0,0,33.2184946537,37.31366325051429,42.15217011855,48.55294722372116,45.12199424733612,57.0323677062926,68.55444939933332,0,13.799652700455843,20.796023041719156,47.08900979746713,77.7380552292,0,0,0,0,0,0,0,0,0,0,0,0,0,0,0,0,0,0,38.952674865158336,54.72849897904546,23.773332932390474,40.333552694846155,0,16.30272538345102,0,0,0
31.291554033550824,41.604791402800004,0,28.92086377685,33.617588730270135,33.53346818390097,30.739120042304812,24.243025375408838,28.261842077068387,40.40742618337124,61.335889995424274,18.919934990520627,0,21.897112197447086,57.77044793371821,55.536332337407835,59.719474119646485,69.57236427460293,78.18981510515681,77.63498886142067,0,0,0,74.19530318697501,0,76.91001165680001,0,0,91.999997139,75.6187553406,71.05104550719375,54.7500023842,51.346876780200006,34.528933387119594,30.432410179471045,16.70279675205597,31.704318537920113,39.817409110774705,18.574454837976777,56.43707706483484,64.9979176521,41.271216839543754,0,0,37.88345217705999,44.63861560470589,47.69929491536207,48.50144131735376,45.89745467696961,44.90736669390521,54.18518908818456,68.43159658964652,19.999274700289597,17.814577828995574,23.929549525719523,53.39772419357357,62.44990103585511,62.25587257316785,70.48561099172589,90.6125059128,71.53074530760834,0,0,0,55.24268627165,0,0,0,0,0,0,0,0,0,44.30417995235266,26.4050923190642,19.73373932932534,42.473874367347925,39.16332853634667,19.501806835913975,52.40804974017027,0,49.71277154575756
56.71557103805081,0,0,73.92303013179,52.273179963734805,40.8284691590592,45.31053030027221,30.051782183765194,31.47088682856072,29.80173089654173,26.850989821678624,56.40656273527229,21.897112197447086,0,24.217498578990323,31.257860683793787,29.526305147047935,28.626209023459868,48.58244243766803,31.25840818083904,40.576714177920834,55.05656108316604,65.51924229882887,39.73907834900557,57.08877276764513,41.967260863744,0,0,60.69113349275785,58.44982410549384,48.589570828750276,42.41561550347644,34.34289971189152,33.39265226183123,20.42932472275705,17.334126150362593,38.310118785195485,43.447108144516115,30.442811343399413,27.243061723175213,52.48297436057114,48.918868303349996,0,0,0,49.57682517595,49.0099444789771,54.57110459039238,51.32469572953118,45.85712528953826,50.63257095194116,62.640121880914066,50.02209204070203,24.247776935526726,20.20967513284305,25.544694977602827,55.97622510194874,58.47049136294167,61.334070742559696,72.97805228343954,53.10924595992276,0,0,92.924996376,36.451546818025,0,42.401286888129995,0,0,0,0,0,78.5500059128,0,45.888956424411695,20.398371859095434,22.999276899814483,43.676591472259446,37.67605215808333,30.78750869122167,30.73919385126983,0,27.80450021834307
91.09100889735001,0,0,94.543560327575,74.54515933993332,71.82386139385584,83.34760435021019,67.58318006652043,65.499934579795,56.26742119873585,26.441562016220384,80.41789060303334,57.77044793371821,24.217498578990323,0,44.389943113398225,34.277700040125985,30.23544347278346,38.86802850243857,19.71612938214718,30.412312747081387,41.320680180618574,45.413601895019106,20.21441832203204,33.49661230776035,17.014062604917235,0,0,42.547539520701584,44.41387495999964,40.423542789415606,37.87699554916634,32.82287309792979,35.884917488173,19.935959336525656,27.996608328024127,46.932835509304404,49.96107670389063,63.40126885468461,17.73225329749173,51.06281081493492,0,0,0,0,0,66.100001812,90.62696361537502,66.84121471642497,68.55018281936296,58.96097324512592,39.119341611866666,0,54.62770852778194,24.201373565435876,15.919027928822139,51.88394348437693,48.656051491128785,44.76438286954663,51.7537297679937,34.35786186236953,38.18780894279999,45.54697207611667,56.448161568556145,33.349227879001695,55.10670693715,33.1651191473,0,0,55.804090410475,60.9661650658,54.8827687303375,46.05953381775593,35.11685335635,44.28862725877976,25.397343716559426,39.543085803533245,56.09658640623214,57.09644525437001,59.48469177883334,22.11444050494795,0,20.124705386733023
61.030968115832536,74.0742619973,0,77.74506902695,46.35903065009583,28.810491944580356,53.24474033679332,47.283913954245776,40.387962735592204,19.197147501164192,19.769911471671712,66.4554255960489,55.536332337407835,31.257860683793787,44.389943113398225,0,21.117974189547184,23.972949467748496,41.53786844310124,31.493143826763017,56.24369232995714,64.88649559023334,73.07554872752242,58.092423123037975,66.79668796370001,70.04930025283333,0,0,63.65329270362001,61.40745091437779,45.668557770070706,34.86078200753361,30.142515560897724,29.534230233573215,42.853525068619476,40.0413453194672,39.02811008042594,47.82058430865778,68.16740334035,56.679336956613604,59.85741126884872,0,0,0,0,0,92.0724973679,86.377081871,81.8800039292,85.978748639425,81.9932486216,18.8455696106,99.8077325819,62.36930668089223,56.20207608642839,56.75685121899524,0,94.34715557099999,93.40324518412223,81.2187185288,0,0,0,0,0,0,0,0,0,0,0,0,0,0,83.93425254819999,61.05560299672962,66.2217647736434,83.39453487397999,0,0,0,0,59.1671817303
69.64768832099342,84.75590236096666,0,88.7928109874,62.07481813839736,45.82327878998859,65.66974153576234,53.61550700399727,42.28768940571505,31.842851372295957,28.93694379875503,80.66226031246954,59.719474119646485,29.526305147047935,34.277700040125985,21.117974189547184,0,28.836396051637685,23.647591753545964,32.600368026757515,44.71269449509907,45.551755404118076,47.92151262050594,31.77327814583079,38.03669576783587,32.56351572758758,0,0,38.552819555510325,35.22369246793558,17.933729871347083,18.231415206229542,23.21286837058839,30.99098507708224,32.81159709391635,32.242510230387595,39.613291815290225,43.12796630969915,61.234977006916665,31.759179112802762,50.64676961253279,0,0,0,0,0,103.54393609393334,0,99.28367137904998,88.81740697224001,85.58056746588889,83.7449989319,0,64.27327709319742,57.19710121800677,47.931391911181365,78.07152843473332,82.70555070875001,85.39371028846554,90.53410744667498,76.53968113485999,0,0,0,0,0,0,0,0,0,0,0,71.5479158402,0,81.1486256034222,59.22734987405928,66.00285964053757,86.61345666248667,90.5300579071,0,56.35598227678749,0,46.631908758098405
83.98091184337734,120.32535868999999,0,112.130467394,79.81951652784431,65.6404695235011,81.69274455746813,64.39675739840722,52.781692344719865,39.492928169099244,18.78083379354718,92.2513387406226,69.57236427460293,28.626209023459868,30.23544347278346,23.972949467748496,28.836396051637685,0,20.877893483943424,16.40637256858186,14.166778755061431,15.06578545870545,20.22108534708139,27.568449328812974,37.12866752906625,47.11572261983184,80.522898674,0,41.1035304150554,40.3218203632805,38.56455388286568,38.55994825423695,39.37861653666557,43.837578700625464,44.55851117681673,38.72647021978487,52.2601151378297,57.05793165033827,75.8395425677375,43.803033758276854,67.28930381589305,0,0,0,0,0,0,0,99.28451967219999,98.09367187822085,95.2810956730647,64.29457942643333,106.273338318,72.52766879696635,63.950080018942565,47.000552569844274,97.191663742,87.44187359225333,84.24781504080369,87.1387528073,72.63190636393962,15.9624553323,0,91.98646354670001,60.17565250396666,0,0,0,0,0,0,79.5258426666,72.41108277640001,0,88.19079318416154,67.29133364454742,74.04156032572183,93.41070783137499,90.00313345589998,0,58.23779407414545,0,59.20494746806708
86.00883593702122,113.569990158,0,0,81.3657070195745,68.28817101993188,84.88225340181411,76.84429032816242,66.85937013010798,53.9773836494791,45.54816480509918,95.647097682935,78.18981510515681,48.58244243766803,38.86802850243857,41.53786844310124,23.647591753545964,20.877893483943424,0,22.210353881615788,23.474707523756578,20.425359512560018,21.61103329098966,23.442450060814853,28.429331248488907,36.768094727844755,69.3003405677,78.08288108456667,28.796250513870866,24.77889487062705,23.666729168885993,26.33040385059877,33.185795385082166,40.41954135090347,43.71046848170019,42.940130949468724,54.229206857016536,58.80203366245467,75.70664119717999,37.65102597783725,66.15086461972659,0,0,0,0,0,0,0,0,0,100.200004578,0,0,79.46211870978233,70.2957771189094,53.35671745917801,0,97.80799007413334,92.32713280405359,93.91670519120001,75.8111314654325,0,0,89.8999910355,63.50332228346666,0,0,0,0,0,0,0,94.0250015259,0,85.46311378478461,71.35330419322467,77.93585384288272,94.75692987437502,0,0,62.258049488066675,0,58.051632164058915
91.36196041017855,0,0,96.25073699113332,89.73446667210568,77.09802622335947,91.26444281436568,74.6915973403022,67.67395612007203,51.46166010162358,23.384359708760154,93.07057719331667,77.63498886142067,31.25840818083904,19.71612938214718,31.493143826763017,32.600368026757515,16.40637256858186,22.210353881615788,0,16.35642802472505,17.299435750152252,21.255694768042858,20.751529955301503,32.73559761321605,32.84293372359713,0,0,32.361361277221555,31.771113425332207,33.5589509038291,35.69712671066234,35.406350354778944,43.14898433710639,36.49937704456811,38.11149298662419,56.57368429066081,58.97344243186758,79.63741723824286,24.88228297932434,65.51131233410813,0,0,0,0,0,0,0,0,0,0,0,0,76.0342505455,50.46708151855066,32.593420580627516,0,74.62451186182001,68.00319325633414,74.08215352467754,53.55894570860764,0,0,79.19539928436,49.322590382879994,0,0,0,0,0,0,77.7051010132,64.5334396362,0,70.29905173355883,54.23397048480333,69.09455350199079,85.94536124337777,95.7549962998,0,40.94135257271744,0,43.082222796601364
0,0,0,0,0,0,112.740819931,0,0,57.5608353615,17.1895819902,0,0,40.576714177920834,30.412312747081387,56.24369232995714,44.71269449509907,14.166778755061431,23.474707523756578,16.35642802472505,0,14.35208067032951,18.559632844493986,25.366999117228936,32.625067894736844,46.35001028909231,0,0,39.7765175857651,41.11616121588185,46.975105381218285,47.34635468109257,46.841331210138,52.69195157666836,50.426412339592645,46.885578095911114,63.34763338932883,67.96555553781818,0,44.57837311206431,0,0,0,0,0,0,0,0,0,0,0,0,0,0,0,23.3874986172,0,0,21.007924199100003,25.8777973652,0,13.381805070240002,12.27616512775,22.663508951666667,11.8763659001,0,0,0,0,0,0,0,0,0,0,0,0,0,0,0,0,0,0
0,0,0,0,0,0,127.266697909,0,90.00072078019998,83.22495403288,49.22178883554,0,0,55.05656108316604,41.320680180618574,64.88649559023334,45.551755404118076,15.06578545870545,20.425359512560018,17.299435750152252,14.35208067032951,0,16.569801757809962,16.58616378316015,20.916605832402265,44.086905500558125,0,0,32.25551619930326,35.46044305880094,41.92123945807473,46.882906824420324,48.16662290962728,53.371548793483505,53.82872311779337,54.83623253503809,65.67646835305598,71.11562268678605,0,43.710236662865626,59.5625033378,0,0,0,0,0,0,0,0,0,0,0,0,0,0,52.2587490082,0,0,11.9157950878,0,70.1333417892,13.088337361825001,11.633999645700001,0,13.587983310233332,0,0,0,0,0,0,0,0,0,0,0,0,0,0,0,0,0,0
0,0,0,0,0,101.19229862407,105.4593661772,100.64971199046,97.84749721729999,84.5761294292,65.17127998839149,0,0,65.51924229882887,45.413601895019106,73.07554872752242,47.92151262050594,20.22108534708139,21.61103329098966,21.255694768042858,18.559632844493986,16.569801757809962,0,20.711856646625563,17.526706538228197,37.15378099380769,82.5468128871,85.6946063362,27.204156113174147,31.934046605011627,35.808602007851434,45.14495194573518,47.71975180605453,52.762814688906815,52.84910202143297,57.15476720711198,65.31251514255501,70.451889701925,0,39.91468537041816,69.8109038980889,0,0,0,0,0,0,0,0,0,0,0,0,0,0,58.72765196924348,0,0,50.28531694409999,91.4702415466,72.8603153229,20.344130367062498,21.895577430766668,99.5513105394,23.580354580507688,0,0,0,0,0,0,0,0,0,89.1323776245,76.88622080195454,79.67482805249999,0,0,0,58.87718582155001,0,60.70176283518333
0,0,0,0,98.4721155167,78.9434834304895,95.8702981447,78.38537735125,76.64062741153685,67.08275862289847,47.39221071874866,0,74.19530318697501,39.73907834900557,20.21441832203204,58.092423123037975,31.77327814583079,27.568449328812974,23.442450060814853,20.751529955301503,25.366999117228936,16.58616378316015,20.711856646625563,0,18.242400080074436,15.682503772406173,0,0,22.34292771833343,24.67376389629943,24.65730666275587,27.898036306982018,27.94091266556402,30.755166953328427,25.265304029874976,34.85354234808355,42.01234456439703,47.08777687340193,0,16.028437632006863,47.67824266216875,0,0,0,0,0,0,0,0,0,0,0,0,0,30.517360915741662,28.59969855525893,0,0,35.383990824225,51.12522287368,44.14460535483182,12.251505891466667,14.886386513719998,32.84214696885,21.00524833927826,24.6180338859,0,0,0,0,0,0,0,0,0,42.115668253475754,45.9523715973,0,0,0,38.351724863056,0,27.186125958170177
0,0,0,0,0,104.99296511774999,115.61915822343333,93.40232160506665,87.89738649416,78.82689650745002,59.26844745523529,0,0,57.08877276764513,33.49661230776035,66.79668796370001,38.03669576783587,37.12866752906625,28.429331248488907,32.73559761321605,32.625067894736844,20.916605832402265,17.526706538228197,18.242400080074436,0,19.27706690633137,16.060807310799994,26.596841124339996,16.823901281762513,21.040452786388837,22.982025400928205,27.979777822419027,31.518068930302185,34.09228813438487,36.33148981709192,43.7069742499235,44.102258228451426,51.56270429088496,0,21.889777555800382,19.163072122454547,0,0,0,0,0,0,0,0,0,0,0,0,0,0,44.32951102937143,0,0,0,0,0,0,0,0,0,0,0,0,0,0,0,0,0,0,0,60.84329468862857,0,0,0,0,45.770188689225,0,40.66192138989333
0,0,0,0,0,0,0,87.41038433709998,0,79.1713657258,49.10830557345,0,76.91001165680001,41.967260863744,17.014062604917235,70.04930025283333,32.56351572758758,47.11572261983184,36.768094727844755,32.84293372359713,46.35001028909231,44.086905500558125,37.15378099380769,15.682503772406173,19.27706690633137,0,15.34071895270909,57.01605298015,20.600670367899152,22.406741208217866,18.313411003978118,19.161687830316176,21.490664077686912,23.604524359814114,20.23843451800738,33.743830419066164,30.10457581233077,33.55275499737088,33.6940540467,12.810303383927778,24.41580386731,0,0,0,0,0,0,0,0,0,0,0,0,0,38.28386514525714,27.819721698780004,0,0,0,0,29.8869671822,0,0,0,0,0,0,0,0,0,0,0,0,0,0,39.75992620039999,0,0,0,0,35.35291850565,0,16.42462112199799
0,0,0,0,0,0,0,0,0,0,0,0,0,0,0,0,0,80.522898674,69.3003405677,0,0,0,82.5468128871,0,16.060807310799994,15.34071895270909,0,16.033974814766665,15.42184754547143,34.265287923100004,52.930876494879996,28.188234967666663,35.3074975014,20.21388457892857,0,0,19.4643500958,0,0,16.573238799600002,11.637109170516666,0,0,0,0,0,0,0,0,0,0,0,0,0,0,0,0,0,0,0,0,0,0,0,0,0,0,0,0,0,0,0,0,0,0,0,0,0,0,0,0,0,0
0,0,0,0,0,0,0,0,0,0,0,0,0,0,0,0,0,0,78.08288108456667,0,0,0,85.6946063362,0,26.596841124339996,57.01605298015,16.033974814766665,0,20.186744130316665,33.547287894375,61.454329235025,29.880021778922227,0,22.41654600868889,0,0,23.133877852425,0,0,31.75911003962857,14.064304396599999,0,0,0,0,0,0,0,0,0,0,0,0,0,0,0,0,0,0,0,0,0,0,0,0,0,0,0,0,0,0,0,0,0,0,0,0,0,0,0,0,0,0
0,0,0,0,0,103.286286354,0,98.5137710571,92.31463177996666,75.26449728012999,60.644448630006664,0,91.999997139,60.69113349275785,42.547539520701584,63.65329270362001,38.552819555510325,41.1035304150554,28.796250513870866,32.361361277221555,39.7765175857651,32.25551619930326,27.204156113174147,22.34292771833343,16.823901281762513,20.600670367899152,15.42184754547143,20.186744130316665,0,15.61194702480048,18.04508875040653,28.063223998186572,33.460220500176305,36.55862280726599,41.09886756906649,47.43142846817682,46.40495318448419,56.442712711696096,0,25.665559442285087,19.191344385489742,0,0,0,0,0,0,0,0,0,0,0,0,0,0,59.050263166425,0,0,0,0,71.7545251846,0,0,0,0,0,0,0,0,0,0,0,0,0,0,67.24415670121428,0,0,0,0,0,0,47.11273958133846
0,0,0,0,0,83.8487353325,0,86.16958475115001,88.81160855295002,71.47021254978378,60.09249900470909,0,75.6187553406,58.44982410549384,44.41387495999964,61.40745091437779,35.22369246793558,40.3218203632805,24.77889487062705,31.771113425332207,41.11616121588185,35.46044305880094,31.934046605011627,24.67376389629943,21.040452786388837,22.406741208217866,34.265287923100004,33.547287894375,15.61194702480048,0,16.793480248390527,26.207948854332585,27.856622401614057,34.19114638577559,37.13660372696541,45.24758427200198,42.34445208096858,52.43890861711444,0,26.289698890317027,30.201866967380766,0,0,0,0,0,0,0,0,0,0,0,0,0,0,61.975982475260004,0,0,0,0,0,0,0,0,0,0,0,0,0,0,0,0,0,0,0,68.90206842951666,0,0,0,0,0,0,37.232715928233745
70.1947965622,0,0,0,76.77270133155713,67.74977502606778,81.69344112096876,70.57057629794788,70.18804628240811,57.46315408381554,48.399745260106506,0,71.05104550719375,48.589570828750276,40.423542789415606,45.668557770070706,17.933729871347083,38.56455388286568,23.666729168885993,33.5589509038291,46.975105381218285,41.92123945807473,35.808602007851434,24.65730666275587,22.982025400928205,18.313411003978118,52.930876494879996,61.454329235025,18.04508875040653,16.793480248390527,0,14.447486399416826,17.55591231732599,25.13424677482178,29.88620885919323,36.17615676985006,41.085964642664024,47.75961211770908,0,21.304233120713896,47.328190968496294,0,0,0,0,0,0,0,0,0,0,0,0,0,71.1199359894,52.61345228467714,0,0,79.6216669083,0,66.5604200363,0,0,0,0,0,0,0,0,0,0,0,0,0,0,64.75339347975714,70.21349582672,0,0,0,55.93276834487778,0,38.12341238007044
0,0,0,0,0,55.18319550313157,67.6642918587,63.18793384552401,62.93141414902727,45.32282084889579,43.08294672513534,0,54.7500023842,42.41561550347644,37.87699554916634,34.86078200753361,18.231415206229542,38.55994825423695,26.33040385059877,35.69712671066234,47.34635468109257,46.882906824420324,45.14495194573518,27.898036306982018,27.979777822419027,19.161687830316176,28.188234967666663,29.880021778922227,28.063223998186572,26.207948854332585,14.447486399416826,0,13.04198153583573,17.858882333345257,23.531371302774684,28.67331978160878,25.655906733785415,35.213215085166766,0,19.015749992264674,22.6796006622113,0,0,0,0,0,0,0,0,0,0,0,0,0,0,49.168091615033326,0,0,87.4227075577,96.0874948502,0,0,0,0,0,0,0,0,0,0,0,0,0,0,0,57.68213777542001,65.38317060469998,0,0,0,57.65325713159999,0,32.6180869032809
0,0,0,0,0,55.0678296566,52.5147485733,53.58933319916487,49.19730968224737,42.161306395929735,36.57023191291467,0,51.346876780200006,34.34289971189152,32.82287309792979,30.142515560897724,23.21286837058839,39.37861653666557,33.185795385082166,35.406350354778944,46.841331210138,48.16662290962728,47.71975180605453,27.94091266556402,31.518068930302185,21.490664077686912,35.3074975014,0,33.460220500176305,27.856622401614057,17.55591231732599,13.04198153583573,0,16.7655005958633,18.13039956500198,20.434153618843045,24.13031214630911,30.022241106738303,0,18.344607651187953,35.547522880944776,0,0,0,0,0,0,0,0,0,0,0,0,0,0,41.5798884928125,0,0,0,0,0,0,0,0,0,0,0,0,0,0,0,0,0,0,0,51.93057497890645,57.1382136345,0,0,0,0,0,31.40748150712029
16.534126294720668,28.881440901399998,0,29.414353988465418,20.702117208305168,18.16780367326184,24.440959830140244,42.30201439702406,26.221794298207985,28.189406800453384,45.52136538935626,30.96646726463697,34.528933387119594,33.39265226183123,35.884917488173,29.534230233573215,30.99098507708224,43.837578700625464,40.41954135090347,43.14898433710639,52.69195157666836,53.371548793483505,52.762814688906815,30.755166953328427,34.09228813438487,23.604524359814114,20.21388457892857,22.41654600868889,36.55862280726599,34.19114638577559,25.13424677482178,17.858882333345257,16.7655005958633,0,19.008282689788533,22.240111173085527,16.186735952374622,22.28433497350471,31.128210217421145,18.294198479632357,18.392434839683844,0,0,0,0,60.5003376007,94.9663063049,80.60552030994194,78.32145086087895,77.89151710687673,82.72107257263637,84.24803352356666,46.35418126981667,45.97005782247211,47.60168651668855,49.14268910690127,86.22899413097501,82.02707362175,87.38313214532069,93.75639820100525,81.31507928028572,0,0,101.460422516,0,0,0,0,0,0,0,85.5354146957,70.65572977065,0,76.52897511498982,50.60261495578236,53.920762739849444,81.95560063255833,66.9249978065,41.2029137611,51.66218497671837,0,27.87823422557662
43.68163299471896,0,0,84.67498159409999,48.34431886820292,36.519566914533016,49.85049050661398,47.64882849936199,37.39582004258271,39.95142947978647,47.97308593930463,54.00090479403501,30.432410179471045,20.42932472275705,19.935959336525656,42.853525068619476,32.81159709391635,44.55851117681673,43.71046848170019,36.49937704456811,50.426412339592645,53.82872311779337,52.84910202143297,25.265304029874976,36.33148981709192,20.23843451800738,0,0,41.09886756906649,37.13660372696541,29.88620885919323,23.531371302774684,18.13039956500198,19.008282689788533,0,18.27510345496353,16.63265608552096,15.419532352567861,16.038895382995896,15.791383941272557,15.760805710088645,56.7933359146,0,0,0,58.62397289276875,55.98746839565448,61.0030973809119,55.40449278863961,50.234459989047345,52.99388410970985,63.80823000566229,47.662046878239124,25.328067516966044,19.055142848549952,26.560464964321177,59.23706331304032,60.6982663952948,62.92883124571902,69.01420898160893,57.55145244004755,59.9806239605,0,69.15360219551515,46.04967564173999,66.071206688875,45.484768595000006,0,0,75.62362956999998,78.08792877197502,66.681570367818,57.01214023389157,50.49686207941786,48.90103491625788,20.68912608785808,23.690644614202263,45.09355222591421,34.91261509714986,16.87050846481357,32.06963698902634,29.46510762446974,15.027624033190271
21.15612577099222,44.5093189049,52.082073409,25.01435261966373,28.02235489954801,26.4814376802828,32.48412605172675,29.324775167392666,28.427769009624342,34.276937456929325,38.61661753484835,21.617564000892276,16.70279675205597,17.334126150362593,27.996608328024127,40.0413453194672,32.242510230387595,38.72647021978487,42.940130949468724,38.11149298662419,46.885578095911114,54.83623253503809,57.15476720711198,34.85354234808355,43.7069742499235,33.743830419066164,0,0,47.43142846817682,45.24758427200198,36.17615676985006,28.67331978160878,20.434153618843045,22.240111173085527,18.27510345496353,0,19.285746153255825,19.84456437286136,15.519071345939143,26.904280065937282,32.925152551675,47.938057412666666,0,0,40.544287348775,52.77837951805203,55.09037487900774,55.913189739529116,52.30189504845299,50.75190421926906,58.644663865473724,70.17009841254081,21.830632833193025,18.265257492558117,21.435949825232793,35.69887392274669,65.94326400967115,66.91068213768402,71.04951797023928,76.37271296753113,68.6701608152625,0,66.6829156876,77.82906341551666,68.34322818116667,0,0,0,0,0,86.0493888855,75.10719108578748,64.64837697835385,59.6807753245,50.86713626936034,23.574414145088138,24.78766742209259,49.19966711184126,39.227700946002685,15.420439596289222,45.087928551002015,27.3970487118,39.095122004849
16.399388991127097,38.94476260624286,52.8896310149,29.502538606728912,24.623398104683854,20.44368898946701,31.216095870140396,43.22196588765714,27.81665064977951,33.800862255883644,53.756137256439196,34.66233349375373,31.704318537920113,38.310118785195485,46.932835509304404,39.02811008042594,39.613291815290225,52.2601151378297,54.229206857016536,56.57368429066081,63.34763338932883,65.67646835305598,65.31251514255501,42.01234456439703,44.102258228451426,30.10457581233077,19.4643500958,23.133877852425,46.40495318448419,42.34445208096858,41.085964642664024,25.655906733785415,24.13031214630911,16.186735952374622,16.63265608552096,19.285746153255825,0,14.614770167788324,18.16219507996303,20.510977128655394,15.030493149088265,46.76568400065,0,0,0,59.587739880899996,79.6574988365,74.18303871154583,73.91372485593635,73.81763657877121,79.54971411114762,77.981842041,39.87274936640476,42.550209042590666,45.52804793189422,55.08421589507459,90.29967451089999,93.20720787038,90.74357549347292,98.3546360134375,86.43766782283498,0,0,94.9824991226,0,0,0,0,0,0,0,0,0,0,78.8752648521212,48.62813638096055,51.75247631205634,80.06512725244053,57.00454650858126,28.280232692149998,54.624385949732435,53.458788394950005,22.158348584358492
31.420377865252632,0,0,32.109103808650005,39.87171044182465,32.418801184668624,44.49479411481638,51.25988563990792,36.957205803375956,43.22974520573001,57.998542647788106,46.92838730857326,39.817409110774705,43.447108144516115,49.96107670389063,47.82058430865778,43.12796630969915,57.05793165033827,58.80203366245467,58.97344243186758,67.96555553781818,71.11562268678605,70.451889701925,47.08777687340193,51.56270429088496,33.55275499737088,0,0,56.442712711696096,52.43890861711444,47.75961211770908,35.213215085166766,30.022241106738303,22.28433497350471,15.419532352567861,19.84456437286136,14.614770167788324,0,13.619947932005031,22.660102465990217,12.720861307989292,0,0,0,0,0,0,0,0,78.83667774199999,88.16249895095001,0,0,39.18888562919167,42.5834187544282,54.278845465460485,0,89.7324981689,89.85614404677999,96.7416102093,93.7147665024,0,0,0,0,0,0,0,0,0,0,0,0,0,89.89208297726,38.96294538677151,42.87870101141407,78.95218736471817,40.42955186172765,14.783807622131247,44.60150485221477,42.1705677409875,18.70828257800283
17.17843249008684,0,0,18.19787155134545,29.874503786157142,42.026000380525,48.01087175356097,40.54254028415715,46.762078128088625,58.11325363886667,72.83243266741668,15.466369157800003,18.574454837976777,30.442811343399413,63.40126885468461,68.16740334035,61.234977006916665,75.8395425677375,75.70664119717999,79.63741723824286,0,0,0,0,0,33.6940540467,0,0,0,0,0,0,0,31.128210217421145,16.038895382995896,15.519071345939143,18.16219507996303,13.619947932005031,0,26.923150269108106,13.346874427694235,37.6249985695,0,0,0,43.8485450745,0,47.00452925682,45.676767396935,55.271854438775996,62.87763476370001,84.2425003052,15.624300299012049,18.875846494321923,29.10982422258315,62.48719427779,0,0,71.0349712372,0,0,0,0,0,0,0,0,0,0,0,0,0,0,0,31.432422280300003,16.601554059197007,15.516374928116791,26.684635509145455,16.744015508244736,12.036986585943055,55.09545630085,18.54954250653333,34.92088130041539
81.71677582575,0,0,103.034648895,79.76475893454,63.874795977617694,74.2136862878909,69.81409243435256,63.43191405215197,58.94574047697469,48.83488057010443,95.41129481743333,56.43707706483484,27.243061723175213,17.73225329749173,56.679336956613604,31.759179112802762,43.803033758276854,37.65102597783725,24.88228297932434,44.57837311206431,43.710236662865626,39.91468537041816,16.028437632006863,21.889777555800382,12.810303383927778,16.573238799600002,31.75911003962857,25.665559442285087,26.289698890317027,21.304233120713896,19.015749992264674,18.344607651187953,18.294198479632357,15.791383941272557,26.904280065937282,20.510977128655394,22.660102465990217,26.923150269108106,0,16.346743288561715,0,0,0,0,0,80.7439575195,83.6839599609,93.8708391189,76.04383365314168,74.685640335075,0,0,53.66554339273142,30.293651187707464,21.85070425636414,0,58.60147312528001,55.198976590327526,60.44348115568082,44.66586410285,0,0,60.28589491411819,39.116577262876,66.08855152129999,39.5269815922,0,0,59.71689414974999,66.5187478066,59.595306317,50.51081836223333,42.42459197838333,46.866181407186204,29.191710870919014,44.92188643888443,58.13747036212857,42.028548669397225,38.74053840939999,26.86312523316493,39.84700923351621,14.812915392069085
25.391088036066666,0,0,0,38.3849973679,50.87284102027142,62.2174039947,71.40023291344285,53.15683518364444,55.652357219638574,63.07556425608846,0,64.9979176521,52.48297436057114,51.06281081493492,59.85741126884872,50.64676961253279,67.28930381589305,66.15086461972659,65.51131233410813,0,59.5625033378,69.8109038980889,47.67824266216875,19.163072122454547,24.41580386731,11.637109170516666,14.064304396599999,19.191344385489742,30.201866967380766,47.328190968496294,22.6796006622113,35.547522880944776,18.392434839683844,15.760805710088645,32.925152551675,15.030493149088265,12.720861307989292,13.346874427694235,16.346743288561715,0,0,0,0,0,0,0,0,0,0,0,0,0,0,0,0,0,0,0,0,0,0,0,0,0,0,0,0,0,0,0,0,0,0,0,28.116878975643047,30.9399991035,0,42.045582417154165,19.402730483266666,41.01907745567838,40.60505383154118,18.992429075395215
0,0,0,0,0,0,0,0,0,0,0,31.776757230966666,41.271216839543754,48.918868303349996,0,0,0,0,0,0,0,0,0,0,0,0,0,0,0,0,0,0,0,0,56.7933359146,47.938057412666666,46.76568400065,0,37.6249985695,0,0,0,13.858099413766665,32.410452004225,17.82617857286022,13.961082900155755,26.246048595491853,21.973438881571216,31.284174497266044,38.91812341013912,55.96170934174587,83.11015658964443,19.45058187547819,29.838816329275836,61.63710098167358,97.66985543583333,65.04487253622572,74.67323301805334,83.87059042215093,96.86847447331249,97.28322660845383,0,0,0,0,0,0,0,0,0,0,0,77.5474996567,0,18.04943575153484,39.893644263163196,17.17611556159602,15.651392879106657,25.708797824737285,16.27846852742157,118.157747465,20.631689126633336,0
0,0,0,0,0,0,0,0,0,0,0,0,0,0,0,0,0,0,0,0,0,0,0,0,0,0,0,0,0,0,0,0,0,0,0,0,0,0,0,0,0,13.858099413766665,0,0,31.6709788005,14.022992035083998,36.447291845575,15.385089053594449,31.06268057824,59.603904329,56.606272669549995,0,27.74646840095,0,0,0,76.7916650772,93.12767110115,0,0,122.660826683,0,0,0,0,0,0,0,0,0,0,0,0,0,27.720337823833333,0,38.92910693536666,40.79375900336667,0,0,0,0,0
0,0,0,0,0,0,0,0,0,0,0,0,0,0,0,0,0,0,0,0,0,0,0,0,0,0,0,0,0,0,0,0,0,0,0,0,0,0,0,0,0,32.410452004225,0,0,13.050752565790908,52.067290806066666,0,22.237665167218182,17.188538203307143,0,0,0,28.4870051376,0,0,0,0,0,0,0,0,0,0,0,0,0,0,0,0,0,0,0,0,0,50.7784833633,0,60.93729327516667,56.71474559040001,0,0,0,0,0
0,0,0,0,0,0,67.1477618217,56.4722189903,0,0,0,33.2184946537,37.88345217705999,0,0,0,0,0,0,0,0,0,0,0,0,0,0,0,0,0,0,0,0,0,0,40.544287348775,0,0,0,0,0,17.82617857286022,31.6709788005,13.050752565790908,0,23.876306489234487,41.83087913246956,17.399486866192984,16.888436742525435,57.80568405802354,81.34699138289412,91.40879952539998,14.100948448322224,32.07146165093898,77.89778567403077,99.76943008303334,101.97829766016665,97.7290345378,117.11152934680001,0,122.24452883275,0,0,0,0,0,0,0,0,0,0,0,0,0,28.06174344422608,51.386459660540005,26.460645507926355,28.512703341658913,46.69245078469999,17.01319319841667,0,16.2193491361,0
0,0,0,0,0,0,0,78.1081600189,0,108.075176239,0,37.31366325051429,44.63861560470589,49.57682517595,0,0,0,0,0,0,0,0,0,0,0,0,0,0,0,0,0,0,0,60.5003376007,58.62397289276875,52.77837951805203,59.587739880899996,0,43.8485450745,0,0,13.961082900155755,14.022992035083998,52.067290806066666,23.876306489234487,0,15.726710437733793,16.02227627464129,27.592633875969167,26.31417460826193,37.24191474809492,78.05557865738604,22.11678746369315,29.543193047131975,52.73516231514365,81.44959797862,49.20893663215087,64.54777278317823,76.62453869196017,83.7422087270944,87.0983534918319,0,0,0,90.98194727235,0,0,0,0,0,0,68.67207789419999,76.4838412507,0,21.18009462300799,45.42498975955979,23.56722526624083,24.571733161789272,35.10335804999628,32.615129821619995,91.92747060374,0,0
