0,0.009231067516993194,0.00014062981361984562,0.03868330366333104,0.18107064269310746,0.014161276034777405,0.17129792901685115,0.019241625210346884,0.00605161476492483,0.0015370080363329914,2.933833450130683e-05,0.020553603453468343,0.008393012758107608,0.0003491983469961275,1.6248470939031266e-05,0.00014804968693662909,0.00035131732533115624,0.00014037914835772226,2.7488285787730857e-05,2.41793257745803e-05,0,0,0,0,0,0,0,0,0,0,8.068694879248422e-07,0,0,0.15994395490311963,0.0009901413750867023,0.12726384143315453,0.454453984603036,0.001154824591996696,0.008142105159406866,1.7861253769496549e-06,7.72647122798599e-05,0,0,0,0,0,0,2.2029909502795487e-06,0,0,0,0,7.095332722227214e-05,6.236623636881273e-05,6.361014035294106e-06,0,0,0,0,0,0,0,0,0,0,0,0,0,0,0,0,0,0,0,0,1.4114055851784463e-06,8.061508995966922e-05,5.131231342391878e-07,0,8.624757569055589e-06,0,0,0
0.009231067516993194,0,0,2.2471672732387445e-05,0.02301461586119927,0.0003828159024573947,0.017392171415227448,7.079058510799385e-05,0.0001062043655790355,8.323042132524733e-06,3.475194621115228e-07,3.1755285745581185e-05,3.0399051359979463e-06,0,0,1.2786473972326577e-06,1.7254412497978418e-06,2.463313712953695e-06,2.7197456672265284e-07,0,0,0,0,0,0,0,0,0,0,0,0,0,0,0.00027588087596010815,0,0.0001356383013283474,0.00017261963221666668,0,0,0,0,0,0,0,0,0,0,0,0,0,0,0,0,0,0,0,0,0,0,0,0,0,0,0,0,0,0,0,0,0,0,0,0,0,0,0,0,0,0,0,0,0,0
0.00014062981361984562,0,0,0.0023120609305409033,3.2263089847167435e-06,0,0.0006082432993100538,0.0005549738525276757,0,0,0,1.2568973765022493e-05,0,0,0,0,0,0,0,0,0,0,0,0,0,0,0,0,0,0,0,0,0,0,0,1.461360561532547e-05,7.73330019578042e-06,0,0,0,0,0,0,0,0,0,0,0,0,0,0,0,0,0,0,0,0,0,0,0,0,0,0,0,0,0,0,0,0,0,0,0,0,0,0,0,0,0,0,0,0,0,0
0.03868330366333104,2.2471672732387445e-05,0.0023120609305409033,0,0.004406951505392562,0.00032083955088008044,0.0559788050836794,0.019589417640749642,0.00013445835180042956,2.9778429098001534e-05,4.144850673351834e-06,0.011435368838926421,0.001561582266853211,9.136977789905891e-05,2.775975883123578e-05,4.140018497185506e-06,2.120872898650304e-06,2.436622451715988e-06,0,5.591519118773664e-06,0,0,0,0,0,0,0,0,0,0,0,0,0,0.004991759914466291,2.0549181990822343e-06,0.015725693256331805,0.01648470727196168,1.0888024256782584e-05,0.002670819539200756,1.4429089251593647e-06,0,0,0,0,0,0,0,0,0,0,0,0,6.547757093626747e-05,1.1787334433020994e-05,0,0,0,0,0,0,0,0,0,0,0,0,0,0,0,0,0,0,0,0,0,0,1.6057947195898134e-05,0,0,0,0,0,0
0.18107064269310746,0.02301461586119927,3.2263089847167435e-06,0.004406951505392562,0,1.3401310225038692,1.955310426369801,0.09685739186676,0.06985810743638489,0.07655937160472953,0.0002415275441447814,0.02546779974285685,0.030877706133765098,0.004628444089308175,3.1563603519065457e-06,0.0078294153719747,0.003969334399681024,0.0007023103949642088,0.0005924345316812428,9.476821763427257e-05,0,0,0,6.3670989817916175e-06,0,0,0,0,0,0,9.006922460895565e-06,0,0,0.12120468761801656,0.002578372164594741,0.1379143860893374,0.12912072578624145,0.0015598531637607087,7.625280059373246e-05,6.597912469186315e-06,1.111064369439012e-06,0,0,0,0,0,0,5.454396122909033e-06,5.31667086112029e-06,3.760754557123645e-06,0,0,2.3836197943978808e-05,0.0003270987118061614,6.183541876956681e-05,1.1773493150469197e-06,0,0,0,0,0,0,0,0,0,0,0,0,0,0,0,0,0,0,0,8.155765193527745e-06,0.00021192392757371918,7.828569592848696e-07,0,9.044767790953964e-07,0,0,0
0.014161276034777405,0.0003828159024573947,0,0.00032083955088008044,1.3401310225038692,0,3.456196964477703,0.14812880100202236,0.7701148815384589,3.734398861335791,0.011488081418146839,0.017888719998481375,0.1159973353312361,0.11643867980348796,0.0004986997336449295,0.6559767758990965,0.19465240278017718,0.026773932204726535,0.021421185004698452,0.002980400730277426,0,0,5.949452699288653e-06,4.985321805881713e-05,2.5458045312463725e-06,0,0,0,7.891896594561575e-07,1.4303411496525141e-06,0.00039642040696830327,3.501993713912646e-05,1.3958760795464141e-05,1.717565074806505,0.09384273925292266,0.9443910757969679,2.0698074825088164,0.0528927121081242,4.0187110957951994e-05,0.0003710601460749061,1.4277406158182157e-05,0,0,0,0,0,1.2762133134199683e-06,2.3182336113483836e-05,2.5831007536817908e-05,5.566653941576663e-05,4.4701382882348346e-06,0,1.0965956491102565e-05,0.001613353727507339,0.001044254273553261,1.6304679500664616e-05,0,0,1.51646504402936e-06,0,0,0,0,0,0,0,0,0,0,0,0,0,0,0,2.1874673045061397e-06,0.000654208892689195,0.0011906827900447796,5.5033322534581155e-06,0,3.031440390268651e-06,2.7617654073723823e-07,0,5.295257452985476e-07
0.17129792901685115,0.017392171415227448,0.0006082432993100538,0.0559788050836794,1.955310426369801,3.456196964477703,0,8.995686777302165,3.80252423631803,0.34111087720708505,0.0048056378330788695,0.22775521679956143,0.9704138358252756,0.25512684504916683,0.00014061849423323703,0.03605007180117103,0.020164712719134413,0.0066337008152560035,0.003000136493025261,0.0010278531435571764,2.3919119311065585e-07,6.641902416038439e-07,7.464870021310128e-06,2.4579507760105388e-05,4.793526883543262e-06,0,0,0,0,0,0.00013139026508032819,6.129518705499422e-07,4.494459789905421e-06,0.9654321054474488,0.037634437653618236,1.6261968575387413,0.7761832089524939,0.023480453327059527,0.00019307400956947138,0.00010033672563754037,2.8696838114634567e-06,0,0,0,1.270770757944248e-06,0,1.5981845935993833e-06,0.0001701026981923677,0.00017842316587114506,0.00018828237825952856,7.618215772439453e-06,0,0.00022840331136298375,0.006190244795081759,0.002176666826324664,4.674105776896677e-06,0,0,2.8217756133535575e-07,0,0,0,0,0,0,0,0,0,0,0,0,0,0,0,5.708090178296927e-06,0.000690543393012141,0.0040942878924255565,2.5152645331633928e-05,0,1.815775096786451e-05,7.107268283702434e-07,0,8.647914921258027e-07
0.019241625210346884,7.079058510799385e-05,0.0005549738525276757,0.019589417640749642,0.09685739186676,0.14812880100202236,8.995686777302165,0,5.621250012278967,5.729220032664908,2.593945197912923,0.10219218711911783,1.652215524691366,0.9840683984688208,0.00047477058764371457,0.06341965393883678,0.0523056277255606,0.020648397587890218,0.003033363192423373,0.0024422979835613005,0,0,1.6852409280797964e-06,1.1647039020950085e-05,2.720914598098949e-06,9.488549881546196e-07,0,0,5.301429662363167e-07,7.244093491309497e-07,0.00014752103368292484,3.6783711267287564e-05,8.196364875615153e-05,0.27854133513290924,0.06120314862796059,2.2391222998646123,0.25635247869116407,0.016611328353998762,0.00012492139141331753,0.0001743904469121793,6.674641542694869e-06,0,0,0,1.5033093749676343e-06,4.4082806575456763e-07,1.7480627941275235e-06,5.793157828882796e-05,9.397834900889939e-05,0.00014928866389342195,1.2976149091715711e-05,0,7.62562774072156e-05,0.0036372876800085273,0.0022156546475864433,1.6180308218295996e-05,5.630036838269807e-07,0,2.358793278538917e-06,0,0,0,0,0,0,0,0,0,0,0,0,0,0,0,6.320907207384801e-06,0.0013327405496050039,0.003184457674903076,1.156036543387878e-05,0,1.4115489285940209e-05,1.2681317039962474e-06,0,1.7632403435085525e-06
0.00605161476492483,0.0001062043655790355,0,0.00013445835180042956,0.06985810743638489,0.7701148815384589,3.80252423631803,5.621250012278967,0,5.699941912813086,0.2932804874236751,0.015160760303855027,1.265033024812972,3.270390142629492,0.0026519499472100706,0.5774098923833916,0.3815615936713688,0.3334459262723969,0.01792872137461442,0.022137251865640264,0,4.9081876359250066e-06,2.4109151182321798e-05,4.365708597369712e-05,2.0628998615633866e-05,0,0,0,1.3172383453142369e-06,1.245300117513109e-06,0.00015523357377311592,2.1612764147264e-05,3.599214909410962e-05,1.3104716888726244,0.29818547290050823,3.411664127074534,1.7986325359190587,0.11061069660224611,0.00012491639642332083,0.0005521401451735396,8.698586654437232e-05,0,0,0,0,0,6.034502552507981e-06,0.00014063769219856357,0.0001940226706847116,0.0004161250019635092,4.664515319983244e-05,1.666416729492788e-07,4.627347552015402e-05,0.0079832018106754,0.007636551296134858,6.295502052749975e-05,5.714532152321484e-07,8.848265300045135e-07,1.1086420313298082e-05,0,2.157487060824071e-07,0,0,0,0,0,0,0,0,0,0,0,0,0,3.575922648839216e-05,0.005312252540037614,0.00699041584963639,4.976792149429841e-05,0,7.565647861867856e-06,7.629170793803547e-06,0,1.4295699804675628e-05
0.0015370080363329914,8.323042132524733e-06,0,2.9778429098001534e-05,0.07655937160472953,3.734398861335791,0.34111087720708505,5.729220032664908,5.699941912813086,0,8.901631058438324,0.003157017114086702,0.13596847420851899,0.987118860100958,0.005632207473984368,10.323892753970588,2.340713644991652,0.6427608873087182,0.15357160068325712,0.05131771458373796,8.470153496054852e-07,3.9166527803051965e-06,4.304170455597795e-05,0.00016531263660824076,1.3624605142088818e-05,2.0147524717153573e-06,0,0,9.185734651665764e-06,3.6352523668136415e-05,0.0015261679693540995,0.0004148099072472527,0.0003686414987872426,3.685805057190913,0.265882238337584,1.0029148884373182,1.770672286877979,0.09154229543750866,3.632112741320021e-05,0.0014257949512799834,0.00019805936083470212,0,0,0,0,3.604000238763007e-07,4.485955475435888e-06,1.3302043569730969e-05,1.78028274822501e-05,9.295424572097375e-05,5.205830454343547e-05,2.3026834842419925e-06,1.955583171738609e-05,0.0014690741654127116,0.0024790574465631513,0.00013785711686935089,2.443333102090231e-06,2.3479426781767703e-06,1.9631439251399978e-05,9.424645841767322e-07,1.3922285833746001e-06,0,0,0,0,0,0,0,0,0,0,0,0,0,2.8734540671845165e-05,0.0027417829837392063,0.0020529510078794917,2.299766470738925e-05,4.3343162315861036e-07,1.7883570567483352e-06,2.391261725940031e-06,0,2.407380289107031e-05
2.933833450130683e-05,3.475194621115228e-07,0,4.144850673351834e-06,0.0002415275441447814,0.011488081418146839,0.0048056378330788695,2.593945197912923,0.2932804874236751,8.901631058438324,0,4.588410341713295e-05,0.003927795406762005,0.1683272706890071,0.04155267639655804,4.5717656413043715,1.1208929546696698,4.612673660512798,0.04307931695891245,0.2246133067926034,1.9390975764148533e-05,6.6121088806383865e-06,5.731950598745215e-05,0.00021975341440299038,1.8774406510889217e-05,1.2897512357887035e-05,0,0,1.7073650892840095e-05,7.175686249398336e-05,0.0019561455356567636,0.0004593148784287467,0.0008744242908802181,0.2586950111818637,0.06633423647516519,0.2180816997159429,0.13723974938154124,0.017778971453577888,5.532969861548546e-06,0.0013793012378445547,3.903102905309333e-05,0,0,0,0,0,0,0,2.6491585138686573e-07,3.698187431695199e-07,4.645285035638544e-05,0.00025721459476029925,0,3.0340848220247347e-05,0.00011043185851199557,7.607329028012816e-05,4.0934773168143575e-05,0,7.04583843973641e-06,0,2.056345585510154e-06,0,0,0,0,0,0,0,0,0,0,0,0,0,1.6837221020655495e-06,0.0002269428028282004,8.800016871713263e-05,1.1398344746698303e-06,0,0,0,0,4.82965511637127e-06
0.020553603453468343,3.1755285745581185e-05,1.2568973765022493e-05,0.011435368838926421,0.02546779974285685,0.017888719998481375,0.22775521679956143,0.10219218711911783,0.015160760303855027,0.003157017114086702,4.588410341713295e-05,0,0.2003583993618346,0.0026252323875275655,0.0003747885036396726,0.00040203098214669936,0.0001766455799701965,6.235242549126543e-05,2.337783709365134e-05,4.9420726966125336e-05,0,0,0,0,0,0,0,0,0,0,0,0,0,0.038218482494325606,0.0005336357715388775,0.42955287817827525,0.03604811545258705,0.0002575162822381211,0.017852544817925923,2.6769012496836032e-05,0,1.7022854918691752e-05,0,0,1.4835505712057254e-05,2.3851559477918525e-05,5.922933382241268e-06,0.00024022460595602614,0.00017993599028316546,6.007141493419531e-05,3.3340163038818038e-06,0,0.022842967211392284,0.021512468328412977,0.000354059650185436,9.674685945387033e-07,0,0,0,0,0,0,0,0,0,0,0,0,0,0,0,0,0,0,3.583542803851866e-05,7.43707431243298e-05,0.0241854248491751,8.107936889897011e-05,0,0.00278715042344932,0,0,0
0.008393012758107608,3.0399051359979463e-06,0,0.001561582266853211,0.030877706133765098,0.1159973353312361,0.9704138358252756,1.652215524691366,1.265033024812972,0.13596847420851899,0.003927795406762005,0.2003583993618346,0,0.65630155891251,0.0020444594033849676,0.00877293791925191,0.005722880197472605,0.005443397762425443,0.0006260462022098079,0.0009304808827968171,0,0,0,2.1517451503305274e-05,0,3.4752602387278224e-05,0,0,2.901201425587199e-07,3.8853376504855383e-07,1.436100914767275e-05,5.461273996287892e-07,3.592453614354583e-06,0.12474640158229132,0.14387387636967205,8.467097485073454,0.1646166498153616,0.009009695929013904,0.0144761132127329,0.0005921606661739931,6.642729537139027e-07,4.242561461791463e-05,0,0,0.00010860886345771799,0.0001808612029640143,0.00036376495305760265,0.006252998221414672,0.007480837830323202,0.010488679082812839,0.0010602632481499599,4.002712450218586e-05,0.0254848882712072,0.19853253545600452,0.0892352958277892,0.00034140742472452845,5.3609063506450764e-05,3.0924125809747315e-05,0.00012935404136880772,1.2817414891539687e-07,8.524276858255753e-06,0,0,0,5.4792444337815595e-06,0,0,0,0,0,0,0,0,0,0.0015699699936089022,0.07965836987649497,0.4339642076682904,0.0022481855791348614,3.339251531809082e-05,0.0057479103216930925,0.00016050167464875197,0,0.00021859500717158467
0.0003491983469961275,0,0,9.136977789905891e-05,0.004628444089308175,0.11643867980348796,0.25512684504916683,0.9840683984688208,3.270390142629492,0.987118860100958,0.1683272706890071,0.0026252323875275655,0.65630155891251,0,2.9556847167670313,0.3459667483183583,0.8129166752125049,1.508076823976655,0.09629710937767123,0.5104324432443395,8.621823941106991e-05,0.00010365343984053641,0.000974078578292458,0.020496459113869554,0.0004026989144857321,0.0041873165850585675,0,0,0.0003910424611748506,0.0009036248696604933,0.008080442923982998,0.00297789456540131,0.005312952642597635,0.91619614019092,7.528112774446666,16.50237162833777,0.4732850226389076,0.05122286685822053,0.005248145066951256,1.2847778236203338,0.00013826590294508165,3.957914708781927e-06,0,0,0,3.734620255337129e-05,0.00032694634116250265,0.0020219657205828483,0.003133419038380716,0.00930986674154699,0.001517220587826036,5.7515690229447254e-05,0.00014056860829050107,0.08713593895259854,0.19840439658787826,0.3161768496478065,0.00010385806017368152,0.0001226509773863225,0.0007490514268667179,4.410924410158894e-05,0.0004906391582795459,0,0,3.249977476611246e-07,0.0005171113589690683,0,5.6128952252106956e-05,0,0,0,0,0,4.548340951653734e-07,0,0.0016850197447260016,1.3712076238944975,0.26029092188700637,0.0022687728955733785,0.0001654944267786203,0.0014070790195992975,0.06189599738605567,0,0.16236375468122713
1.6248470939031266e-05,0,0,2.775975883123578e-05,3.1563603519065457e-06,0.0004986997336449295,0.00014061849423323703,0.00047477058764371457,0.0026519499472100706,0.005632207473984368,0.04155267639655804,0.0003747885036396726,0.0020444594033849676,2.9556847167670313,0,0.017514491203975222,0.20986164822752995,1.2499187636876603,0.47298000615435787,6.366771815156551,0.0033134908076392277,0.0020935364341980018,0.02549716919097338,0.34918526338894,0.013027566548123967,0.13070083369397087,0,0,0.00757714399371865,0.010015510108907425,0.03686457991955194,0.017892911063252213,0.0215219610258731,0.1752387068569884,4.326699005935282,0.3112882895851608,0.05041552828958523,0.01617215305676547,8.546535629992858e-05,4.087982235795733,0.00019983426731109595,0,0,0,0,0,6.690695744336109e-07,1.8650507405061032e-06,1.0338145571261042e-05,3.421524692571608e-05,4.6686830786733766e-05,2.5673815667655644e-05,0,0.00017636697295994597,0.43284688365954754,2.1413170260145615,1.8765148550135877e-05,0.0003917808425427081,0.004575870204448449,0.002189470834002944,0.01691603680304004,1.5956506350046078e-05,9.525809635070532e-06,0.00015225727247765648,0.0013327383013037443,6.4304559529374325e-06,5.6343907320308315e-05,0,0,1.7760831274525563e-05,2.516786912559547e-06,3.295868534407591e-05,0.00014457507613328414,7.490833056652799e-06,0.000633877870485765,0.19860139432391735,0.004283548535321772,0.00013388305341834468,1.2267107755193028e-05,9.649540546892549e-06,0.05030336931770386,0,0.24672787676565847
0.00014804968693662909,1.2786473972326577e-06,0,4.140018497185506e-06,0.0078294153719747,0.6559767758990965,0.03605007180117103,0.06341965393883678,0.5774098923833916,10.323892753970588,4.5717656413043715,0.00040203098214669936,0.00877293791925191,0.3459667483183583,0.017514491203975222,0,10.44810506861474,1.4969614822051454,0.5359527721733008,0.40867785813197177,8.095257772188565e-06,9.1096023627676e-06,6.696186266822273e-05,0.0001556449301356373,1.6327225981130247e-05,1.9779017051510475e-06,0,0,1.3881536628346295e-05,6.142943928288661e-05,0.004194185802810489,0.0007748500475330894,0.0005365461991312674,1.274605999991814,0.10418238947852114,0.19944876378673948,0.5020337119542524,0.034199586306503583,6.61814779706494e-06,0.001174000479862107,0.000122907580655612,0,0,0,0,0,3.172504194661904e-07,2.8210427298396017e-07,1.1511248808317261e-06,7.972279415882222e-06,4.0004225218752795e-06,3.52289302390285e-05,2.1128970722205146e-07,0.00010590221061215862,0.00036367868815009966,4.301460889929705e-05,0,5.385926831264036e-07,3.6724919025363015e-06,6.913318354584359e-07,0,0,0,0,0,0,0,0,0,0,0,0,0,0,4.116304002716852e-06,0.0006154977036488385,0.000293788967286729,2.589284397741488e-06,0,0,0,0,4.6762797502983615e-06
0.00035131732533115624,1.7254412497978418e-06,0,2.120872898650304e-06,0.003969334399681024,0.19465240278017718,0.020164712719134413,0.0523056277255606,0.3815615936713688,2.340713644991652,1.1208929546696698,0.0001766455799701965,0.005722880197472605,0.8129166752125049,0.20986164822752995,10.44810506861474,0,1.93346471684727,11.592012780071776,1.389245622911526,0.0010413341621877334,0.0041979710971335555,0.021706384576384456,0.06718122111992171,0.014654532368363398,0.0030532560513669717,0,0,0.01171651036797008,0.028931833039147925,1.0551201055009307,0.3079844339153713,0.02293410152354662,2.9279592387512383,0.7256252156240931,0.6531969204568722,1.1232407481828288,0.14436996236893035,1.3752247709702285e-05,0.11596265009932138,0.0012380223894541255,0,0,0,0,0,1.232432999353742e-06,0,1.8505599404366839e-06,1.2258675391877421e-05,8.605431592319686e-06,4.168275935439709e-07,0,0.00010804271462401348,0.00048538454836270225,0.000717854508883129,1.246987810500403e-06,1.1504823588979611e-05,4.781785456731354e-05,6.020356615180592e-06,1.572849379668928e-05,0,0,0,0,0,0,0,0,0,0,0,5.025310734290999e-07,0,2.0260843511617047e-05,0.001783311295418987,0.0004541870384606783,9.975701528811401e-06,4.993633480973672e-07,0,1.3438383536023237e-05,0,0.00028994639511223483
0.00014037914835772226,2.463313712953695e-06,0,2.436622451715988e-06,0.0007023103949642088,0.026773932204726535,0.0066337008152560035,0.020648397587890218,0.3334459262723969,0.6427608873087182,4.612673660512798,6.235242549126543e-05,0.005443397762425443,1.508076823976655,1.2499187636876603,1.4969614822051454,1.93346471684727,0,4.924825406809284,37.41497254828022,3.644556752307577,6.071174141568983,1.3620115697688928,0.4022515125511402,0.05458782091486251,0.003784575606984862,5.049558941392785e-07,0,0.030284439012545135,0.041250985137597666,0.14857456904974042,0.06191777934078524,0.031703862018373344,0.8881315603472812,0.5834679537356945,0.8132533209888754,0.6145068164305773,0.115544006358774,1.6731799073269033e-05,0.16189375493444544,0.0008518670097795017,0,0,0,0,0,0,0,9.727136030364969e-07,9.55157033743373e-06,9.144902480858268e-06,6.6191367400939035e-06,1.345949982789024e-07,0.00013070858231364906,0.0006094489984140426,0.0025546099773364477,1.7330225660801597e-07,1.046047504569451e-05,0.00013774477880403705,1.792522088639765e-05,8.883969146285557e-05,0.00017897790993914005,0,7.462427585645287e-07,4.617731066125633e-06,0,0,0,0,0,0,4.067619649949309e-07,2.274700922121843e-06,0,1.89734834475989e-05,0.001768732404923949,0.0004909011728148231,8.107673736049672e-06,4.1861708936958393e-07,0,6.219577953444883e-05,0,0.0003890706679397029
2.7488285787730857e-05,2.7197456672265284e-07,0,0,0.0005924345316812428,0.021421185004698452,0.003000136493025261,0.003033363192423373,0.01792872137461442,0.15357160068325712,0.04307931695891245,2.337783709365134e-05,0.0006260462022098079,0.09629710937767123,0.47298000615435787,0.5359527721733008,11.592012780071776,4.924825406809284,0,11.929214057335194,0.5070604899100368,3.2470902398355848,3.0878105693739566,3.4218186235652746,0.889380052067016,0.05822925471606519,1.731143534454223e-05,1.0049717254920767e-05,0.42503180252255895,0.8796710218625265,4.265897338573664,1.523442907261317,0.24438720845325312,1.110808719251271,0.5937807103827146,0.2718996707182871,0.2655484152401944,0.060522877580934345,5.1616289189912275e-06,1.1813106492362004,0.000956848609400304,0,0,0,0,0,0,0,0,0,2.7951812480052483e-07,0,0,9.5557248419984e-06,0.00012153482986799222,0.001539127050000575,0,1.8579290887741152e-06,3.3868550278199494e-05,1.1188992055132372e-05,4.591978196922492e-05,0,0,1.171925319100356e-06,3.682519393071766e-06,0,0,0,0,0,0,0,2.1162525747771602e-07,0,8.485015906533897e-06,0.0010311076595638197,0.00012767449158931527,1.901363307570767e-06,0,0,6.353332158929999e-05,0,0.0008034338604245394
2.41793257745803e-05,0,0,5.591519118773664e-06,9.476821763427257e-05,0.002980400730277426,0.0010278531435571764,0.0024422979835613005,0.022137251865640264,0.05131771458373796,0.2246133067926034,4.9420726966125336e-05,0.0009304808827968171,0.5104324432443395,6.366771815156551,0.40867785813197177,1.389245622911526,37.41497254828022,11.929214057335194,0,0.40266530455539984,0.7493508464431049,3.237409649561183,0.8715983704234475,0.11076825915172468,0.03569351360011693,0,0,0.17268995698482903,0.2663779217009809,0.5272072056307288,0.1596074565552389,0.08066218721723264,0.36538099158973947,0.8154587135921261,0.3508445208923657,0.13508792367849765,0.043169311094311026,4.4249780765260935e-06,2.176594252472752,0.0004673494156314045,0,0,0,0,0,0,0,0,0,0,0,0,5.440865072975099e-06,0.0005550194615791539,0.01758885301821182,0,5.354407113175699e-06,0.00012617582343823003,4.900437494132443e-05,0.0007500461725381817,0,0,4.306716552486231e-06,3.27332835388153e-05,0,0,0,0,0,0,1.1425814477765746e-06,2.498932897986308e-06,0,2.2667352089606292e-05,0.00250118384668689,0.00013782357182835566,3.482667501215681e-06,1.5303563627295928e-07,0,0.0007248120254064464,0,0.0019541225758670858
0,0,0,0,0,0,2.3919119311065585e-07,0,0,8.470153496054852e-07,1.9390975764148533e-05,0,0,8.621823941106991e-05,0.0033134908076392277,8.095257772188565e-06,0.0010413341621877334,3.644556752307577,0.5070604899100368,0.40266530455539984,0,2.0109934802382075,2.3731853027368364,0.08899272598964957,0.028721583836605627,0.00010129334627338576,0,0,0.0108671632896533,0.007490407913877271,0.00568101431003455,0.0006988775570474137,0.00013813723356562657,0.0004228853246577608,0.0005392224477217697,0.00010308831414765351,6.585395536088859e-05,8.049772245784527e-06,0,0.0028784809264647674,0,0,0,0,0,0,0,0,0,0,0,0,0,0,0,3.206696992942694e-06,0,0,0.00019950919114016108,6.111497576032556e-06,0,0.0004296657242985681,0.0002576005914217547,7.672021521161827e-05,3.979314952680687e-05,0,0,0,0,0,0,0,0,0,0,0,0,0,0,0,0,0,0
0,0,0,0,0,0,6.641902416038439e-07,0,4.9081876359250066e-06,3.9166527803051965e-06,6.6121088806383865e-06,0,0,0.00010365343984053641,0.0020935364341980018,9.1096023627676e-06,0.0041979710971335555,6.071174141568983,3.2470902398355848,0.7493508464431049,2.0109934802382075,0,19.810381943490476,2.001066492182063,0.7182664113032765,0.0009347814799668119,0,0,0.11182711492843314,0.06675017047009525,0.04035022374769037,0.003073850143135435,0.0006777464076965471,0.0016609706151629192,0.0014510738287080473,0.00020314314164072733,0.0002737473974648101,5.465773783451896e-05,0,0.011299233885238633,3.2960085567739117e-07,0,0,0,0,0,0,0,0,0,0,0,0,0,0,1.6270458570535256e-06,0,0,3.3765409373541514e-05,0,7.369649659315072e-07,0.00039522446239898885,6.738616256768156e-05,0,0.00016149697279419962,0,0,0,0,0,0,0,0,0,0,0,0,0,0,0,0,0,0
0,0,0,0,0,5.949452699288653e-06,7.464870021310128e-06,1.6852409280797964e-06,2.4109151182321798e-05,4.304170455597795e-05,5.731950598745215e-05,0,0,0.000974078578292458,0.02549716919097338,6.696186266822273e-05,0.021706384576384456,1.3620115697688928,3.0878105693739566,3.237409649561183,2.3731853027368364,19.810381943490476,0,18.790885248647967,15.180107591573874,0.038341205175595604,8.751928710109909e-07,3.646386679737081e-06,0.796792225642814,0.42154228781477676,0.6661676936042009,0.03912752422531743,0.009022243993479154,0.01687042702634163,0.018740956733987332,0.0026220613725381693,0.0030983831758606664,0.0006330187712308153,0,0.25581369392754805,4.117228555797483e-05,0,0,0,0,0,0,0,0,0,0,0,0,0,0,4.302397797044011e-05,0,0,1.4243035214836624e-05,3.63369031406323e-07,4.317259895549331e-06,0.00016160395438392827,5.024451167635193e-05,5.427478147118568e-07,0.000258665593007416,0,0,0,0,0,0,0,0,0,7.653614357065067e-07,2.2193716957754042e-05,1.6209686573198917e-06,0,0,0,1.5010672122847833e-05,0,3.595518418804547e-05
0,0,0,0,6.3670989817916175e-06,4.985321805881713e-05,2.4579507760105388e-05,1.1647039020950085e-05,4.365708597369712e-05,0.00016531263660824076,0.00021975341440299038,0,2.1517451503305274e-05,0.020496459113869554,0.34918526338894,0.0001556449301356373,0.06718122111992171,0.4022515125511402,3.4218186235652746,0.8715983704234475,0.08899272598964957,2.001066492182063,18.790885248647967,0,3.3565261654179825,0.35850760642651425,0,0,1.4783584894120436,1.1623778538576948,1.520695331509365,0.14666099462914478,0.05457014721242293,0.13189114739890276,0.20307538710378664,0.014273637376654187,0.01933918986629773,0.0046482123502580314,0,2.498868022985629,8.456595330154626e-05,0,0,0,0,0,0,0,0,0,0,0,0,0,0.002804562427187736,0.005698914981287864,0,0,9.460847301738176e-05,2.8497267490760612e-05,0.00012102771559757022,0.00012152898398124305,0.00010342170771639487,6.201077562062015e-05,0.00024673357716291665,6.367096391957631e-06,0,0,0,0,0,0,0,0,0,0.0005765756483060336,6.257441501359076e-06,0,0,0,0.00015653452119343954,0,0.0009291793863842007
0,0,0,0,0,2.5458045312463725e-06,4.793526883543262e-06,2.720914598098949e-06,2.0628998615633866e-05,1.3624605142088818e-05,1.8774406510889217e-05,0,0,0.0004026989144857321,0.013027566548123967,1.6327225981130247e-05,0.014654532368363398,0.05458782091486251,0.889380052067016,0.11076825915172468,0.028721583836605627,0.7182664113032765,15.180107591573874,3.3565261654179825,0,0.18253155424143538,0.0018504291961666823,0.0002886146263608489,4.387510720032196,2.0146676898764078,2.377711433454141,0.12788269650642745,0.020033141170140364,0.033055661840560066,0.02115429158555686,0.0025381943566705634,0.004265751615266749,0.0006216682031824608,0,0.609092216386238,0.0027801481222810382,0,0,0,0,0,0,0,0,0,0,0,0,0,0,1.5471117385741838e-05,0,0,0,0,0,0,0,0,0,0,0,0,0,0,0,0,0,0,0,2.312170467077368e-05,0,0,0,0,1.1665815285340945e-05,0,4.229213465392326e-05
0,0,0,0,0,0,0,9.488549881546196e-07,0,2.0147524717153573e-06,1.2897512357887035e-05,0,3.4752602387278224e-05,0.0041873165850585675,0.13070083369397087,1.9779017051510475e-06,0.0030532560513669717,0.003784575606984862,0.05822925471606519,0.03569351360011693,0.00010129334627338576,0.0009347814799668119,0.038341205175595604,0.35850760642651425,0.18253155424143538,0,0.0072294587040175745,1.5754841086550598e-05,0.15505709500036166,0.1341950527786912,0.21704950821978058,0.05128619221633069,0.010808382322621891,0.022419858687984483,0.05203614407921168,0.0014524025302725897,0.004948958629028754,0.0018259829356165257,1.5243664937620445e-05,0.693093886668562,0.0006086588421897348,0,0,0,0,0,0,0,0,0,0,0,0,0,0.00025226937150494254,0.0001329570360650223,0,0,0,0,7.069102544275082e-06,0,0,0,0,0,0,0,0,0,0,0,0,0,0,5.303495828230511e-05,0,0,0,0,4.11657798707803e-06,0,0.008067021304780455
0,0,0,0,0,0,0,0,0,0,0,0,0,0,0,0,0,5.049558941392785e-07,1.731143534454223e-05,0,0,0,8.751928710109909e-07,0,0.0018504291961666823,0.0072294587040175745,0,5.503477449076754e-05,0.001157358385357277,0.00010835634308474337,2.0075257300056912e-05,0.0004553221297272113,4.689973030944905e-06,0.002060187869025686,0,0,0.00013487636012335643,0,0,0.00532272060523887,0.0007184016552553502,0,0,0,0,0,0,0,0,0,0,0,0,0,0,0,0,0,0,0,0,0,0,0,0,0,0,0,0,0,0,0,0,0,0,0,0,0,0,0,0,0,0
0,0,0,0,0,0,0,0,0,0,0,0,0,0,0,0,0,0,1.0049717254920767e-05,0,0,0,3.646386679737081e-06,0,0.0002886146263608489,1.5754841086550598e-05,5.503477449076754e-05,0,0.0003311368150503346,0.00031710560101126775,2.4583841771555355e-05,0.0011023759323734784,0,0.003652230193022447,0,0,0.0001833155472448112,0,0,0.0003387488103320921,0.0037490733561711064,0,0,0,0,0,0,0,0,0,0,0,0,0,0,0,0,0,0,0,0,0,0,0,0,0,0,0,0,0,0,0,0,0,0,0,0,0,0,0,0,0,0
0,0,0,0,0,7.891896594561575e-07,0,5.301429662363167e-07,1.3172383453142369e-06,9.185734651665764e-06,1.7073650892840095e-05,0,2.901201425587199e-07,0.0003910424611748506,0.00757714399371865,1.3881536628346295e-05,0.01171651036797008,0.030284439012545135,0.42503180252255895,0.17268995698482903,0.0108671632896533,0.11182711492843314,0.796792225642814,1.4783584894120436,4.387510720032196,0.15505709500036166,0.001157358385357277,0.0003311368150503346,0,2.4429406001101364,2.8045518821694215,0.08994898029577147,0.011530957196467462,0.02920661489113503,0.020125626748478512,0.0025718182548418967,0.005746535924568719,0.0007537988343573332,0,0.3969617226259049,0.007648217280363477,0,0,0,0,0,0,0,0,0,0,0,0,0,0,6.673345598710959e-06,0,0,0,0,9.5386061173816e-07,0,0,0,0,0,0,0,0,0,0,0,0,0,0,7.887238098327952e-06,0,0,0,0,0,0,5.900319373797958e-05
0,0,0,0,0,1.4303411496525141e-06,0,7.244093491309497e-07,1.245300117513109e-06,3.6352523668136415e-05,7.175686249398336e-05,0,3.8853376504855383e-07,0.0009036248696604933,0.010015510108907425,6.142943928288661e-05,0.028931833039147925,0.041250985137597666,0.8796710218625265,0.2663779217009809,0.007490407913877271,0.06675017047009525,0.42154228781477676,1.1623778538576948,2.0146676898764078,0.1341950527786912,0.00010835634308474337,0.00031710560101126775,2.4429406001101364,0,2.845414883844944,0.1173112563349523,0.027493993792230186,0.05251862451251265,0.04866687025073272,0.005586045610391699,0.014127385116509652,0.001979587030012191,0,0.43797069304130315,0.000933762807689426,0,0,0,0,0,0,0,0,0,0,0,0,0,0,5.388410096125012e-06,0,0,0,0,0,0,0,0,0,0,0,0,0,0,0,0,0,0,0,1.2906277033417692e-05,0,0,0,0,0,0,0.0004490790841298208
8.068694879248422e-07,0,0,0,9.006922460895565e-06,0.00039642040696830327,0.00013139026508032819,0.00014752103368292484,0.00015523357377311592,0.0015261679693540995,0.0019561455356567636,0,1.436100914767275e-05,0.008080442923982998,0.03686457991955194,0.004194185802810489,1.0551201055009307,0.14857456904974042,4.265897338573664,0.5272072056307288,0.00568101431003455,0.04035022374769037,0.6661676936042009,1.520695331509365,2.377711433454141,0.21704950821978058,2.0075257300056912e-05,2.4583841771555355e-05,2.8045518821694215,2.845414883844944,0,1.6342651915031157,0.33873196657331683,0.33492077845324314,0.2504889488861462,0.04133451313460315,0.04830981888683508,0.012236208191596681,0,1.0428593551986884,0.00042268666324028054,0,0,0,0,0,0,0,0,0,0,0,0,0,1.2714936349956233e-06,6.171501405986645e-05,0,0,4.057834825375307e-07,0,5.542700370597066e-07,0,0,0,0,0,0,0,0,0,0,0,0,0,0,0.00010435492064227849,4.933513911799056e-06,0,0,0,1.4091036360278469e-05,0,0.0010206465888949856
0,0,0,0,0,3.501993713912646e-05,6.129518705499422e-07,3.6783711267287564e-05,2.1612764147264e-05,0.0004148099072472527,0.0004593148784287467,0,5.461273996287892e-07,0.00297789456540131,0.017892911063252213,0.0007748500475330894,0.3079844339153713,0.06191777934078524,1.523442907261317,0.1596074565552389,0.0006988775570474137,0.003073850143135435,0.03912752422531743,0.14666099462914478,0.12788269650642745,0.05128619221633069,0.0004553221297272113,0.0011023759323734784,0.08994898029577147,0.1173112563349523,1.6342651915031157,0,0.7162522594386127,0.2637261731035125,0.2182750052198509,0.02254249827536995,0.07983734318708464,0.010122139286293162,0,0.6291855095347813,0.00873619847135039,0,0,0,0,0,0,0,0,0,0,0,0,0,0,1.238247546638864e-05,0,0,8.873883095365938e-07,2.406323844172171e-07,0,0,0,0,0,0,0,0,0,0,0,0,0,0,0,6.86362841249824e-05,5.333801790029005e-06,0,0,0,3.025415103379137e-06,0,0.001531745257057325
0,0,0,0,0,1.3958760795464141e-05,4.494459789905421e-06,8.196364875615153e-05,3.599214909410962e-05,0.0003686414987872426,0.0008744242908802181,0,3.592453614354583e-06,0.005312952642597635,0.0215219610258731,0.0005365461991312674,0.02293410152354662,0.031703862018373344,0.24438720845325312,0.08066218721723264,0.00013813723356562657,0.0006777464076965471,0.009022243993479154,0.05457014721242293,0.020033141170140364,0.010808382322621891,4.689973030944905e-06,0,0.011530957196467462,0.027493993792230186,0.33873196657331683,0.7162522594386127,0,0.06839412966070474,0.2198157186172021,0.04087863785774219,0.05073331693948193,0.013863838428078572,0,0.3181543369829148,0.0007121649397207242,0,0,0,0,0,0,0,0,0,0,0,0,0,0,2.130483270511974e-05,0,0,0,0,0,0,0,0,0,0,0,0,0,0,0,0,0,0,0,7.726728502582916e-05,1.0028568134729348e-06,0,0,0,0,0,0.0004169081239902809
0.15994395490311963,0.00027588087596010815,0,0.004991759914466291,0.12120468761801656,1.717565074806505,0.9654321054474488,0.27854133513290924,1.3104716888726244,3.685805057190913,0.2586950111818637,0.038218482494325606,0.12474640158229132,0.91619614019092,0.1752387068569884,1.274605999991814,2.9279592387512383,0.8881315603472812,1.110808719251271,0.36538099158973947,0.0004228853246577608,0.0016609706151629192,0.01687042702634163,0.13189114739890276,0.033055661840560066,0.022419858687984483,0.002060187869025686,0.003652230193022447,0.02920661489113503,0.05251862451251265,0.33492077845324314,0.2637261731035125,0.06839412966070474,0,4.315370156661784,4.0007686277737875,11.746469182349662,0.9015700343739748,0.0008769626031942543,1.8689747000941987,0.21003071944978685,0,0,0,0,1.213953958421779e-06,3.7989426942316655e-06,2.5250054204775055e-05,2.851703448472241e-05,7.811429065945766e-05,3.491164139548353e-05,2.0263748256836147e-06,3.4774207701864615e-05,0.0018222259281099413,0.003092826461961601,0.0009109562497203253,1.3839176467963538e-06,1.0044946256332744e-05,7.492973834568659e-05,2.132386418193028e-05,3.4803035916944513e-05,0,0,1.4766726607001459e-07,0,0,0,0,0,0,0,7.192084782425022e-07,9.837590321894623e-07,0,6.434913689566564e-05,0.008367884712776923,0.0029481517547434565,3.9013848819141535e-05,3.9160546412556274e-07,2.272962635013272e-06,0.00013029556671620762,0,0.017614700989823134
0.0009901413750867023,0,0,2.0549181990822343e-06,0.002578372164594741,0.09384273925292266,0.037634437653618236,0.06120314862796059,0.29818547290050823,0.265882238337584,0.06633423647516519,0.0005336357715388775,0.14387387636967205,7.528112774446666,4.326699005935282,0.10418238947852114,0.7256252156240931,0.5834679537356945,0.5937807103827146,0.8154587135921261,0.0005392224477217697,0.0014510738287080473,0.018740956733987332,0.20307538710378664,0.02115429158555686,0.05203614407921168,0,0,0.020125626748478512,0.04866687025073272,0.2504889488861462,0.2182750052198509,0.2198157186172021,4.315370156661784,0,3.1122601019356715,7.277522187226582,4.492170103545189,0.08152104462045712,5.494661102911146,0.5533548394004493,6.887998727868972e-07,0,0,0,1.725010253195606e-05,0.0003501703517359104,0.0012061554987696007,0.0024476223898787395,0.010679913935539936,0.003225268025537181,0.000287456086602466,5.044462662573328e-05,0.08632403084016195,1.711980017007518,0.21723396537432077,0.00040840958600614404,0.0009569687694537368,0.00387848087449138,0.0014300316839763907,0.0029644260382895946,9.42562710913541e-07,0,4.472170020315134e-05,0.00016768626220751086,3.535767252381102e-06,2.1081964020684606e-05,0,0,3.90528332673071e-06,4.92832717235989e-06,6.61394480789401e-05,0.00024991759020318195,0.00010418705426405891,0.005915091054073418,5.5906104362672195,0.3692967824219573,0.0063837983214579406,0.006164578921731821,0.015047604291345364,0.05908998581106155,0.0014189029498785392,2.9605165537182034
0.12726384143315453,0.0001356383013283474,1.461360561532547e-05,0.015725693256331805,0.1379143860893374,0.9443910757969679,1.6261968575387413,2.2391222998646123,3.411664127074534,1.0029148884373182,0.2180816997159429,0.42955287817827525,8.467097485073454,16.50237162833777,0.3112882895851608,0.19944876378673948,0.6531969204568722,0.8132533209888754,0.2718996707182871,0.3508445208923657,0.00010308831414765351,0.00020314314164072733,0.0026220613725381693,0.014273637376654187,0.0025381943566705634,0.0014524025302725897,0,0,0.0025718182548418967,0.005586045610391699,0.04133451313460315,0.02254249827536995,0.04087863785774219,4.0007686277737875,3.1122601019356715,0,6.725614938813871,1.387241430310444,0.04707117600561087,0.17468715114138603,0.002815911212602804,6.62497642195901e-05,0,0,3.762968170546317e-05,0.00035013879508316754,0.000848591499183697,0.008687916245945894,0.011035235064526501,0.0189580271844716,0.0034060726307555715,0.0002560527068909879,0.0538587009481873,0.9259467361820205,0.618219350308528,0.019617380108504657,0.000357181953633187,0.0003776431034736157,0.0018035886701743425,0.00020251870559091133,0.0004733487822729147,0,9.203925561940046e-07,3.378225652031679e-06,2.6787181189111188e-06,0,0,0,0,0,6.000980714173005e-07,5.057792417863777e-06,1.2925904360780669e-05,4.169356424227457e-06,0.004443257763817486,0.6551365274080695,0.8567001272610911,0.006298602185297873,0.00106885579615132,0.03494542730207493,0.0015936874527210545,1.4488038783752964e-05,0.0034324674030854164
0.454453984603036,0.00017261963221666668,7.73330019578042e-06,0.01648470727196168,0.12912072578624145,2.0698074825088164,0.7761832089524939,0.25635247869116407,1.7986325359190587,1.770672286877979,0.13723974938154124,0.03604811545258705,0.1646166498153616,0.4732850226389076,0.05041552828958523,0.5020337119542524,1.1232407481828288,0.6145068164305773,0.2655484152401944,0.13508792367849765,6.585395536088859e-05,0.0002737473974648101,0.0030983831758606664,0.01933918986629773,0.004265751615266749,0.004948958629028754,0.00013487636012335643,0.0001833155472448112,0.005746535924568719,0.014127385116509652,0.04830981888683508,0.07983734318708464,0.05073331693948193,11.746469182349662,7.277522187226582,6.725614938813871,0,2.1817902561566087,0.012371871872633253,1.0672071878636202,0.33312029423878753,3.4218392817660143e-06,0,0,0,2.1735234200694485e-06,1.2715398459210154e-06,1.797609439751085e-05,1.575294844133226e-05,4.452788256984342e-05,1.5059639558826296e-05,7.883718207169266e-07,0.00019336258153266795,0.0012297605926401805,0.0023730526452767917,0.0004982856686379151,7.600422150321642e-07,2.8130762524483316e-06,5.330853021158161e-05,1.4190988268845314e-05,2.1237724438206357e-05,0,0,5.054889165213799e-07,0,0,0,0,0,0,0,0,0,0,2.7460141447556082e-05,0.008620176250983045,0.002788488519528694,5.182253486403547e-05,2.4613383968977032e-05,9.620422639262508e-05,0.00010584873287370745,4.459872980545722e-06,0.055905660834928074
0.001154824591996696,0,0,1.0888024256782584e-05,0.0015598531637607087,0.0528927121081242,0.023480453327059527,0.016611328353998762,0.11061069660224611,0.09154229543750866,0.017778971453577888,0.0002575162822381211,0.009009695929013904,0.05122286685822053,0.01617215305676547,0.034199586306503583,0.14436996236893035,0.115544006358774,0.060522877580934345,0.043169311094311026,8.049772245784527e-06,5.465773783451896e-05,0.0006330187712308153,0.0046482123502580314,0.0006216682031824608,0.0018259829356165257,0,0,0.0007537988343573332,0.001979587030012191,0.012236208191596681,0.010122139286293162,0.013863838428078572,0.9015700343739748,4.492170103545189,1.387241430310444,2.1817902561566087,0,0.030584061745126827,0.4198392766072463,0.2058811066970819,0,0,0,0,0,0,0,0,3.235981523730303e-06,5.867201974833521e-07,0,0,3.31205579173494e-05,0.000337639153270052,9.541298336867195e-05,0,3.9210146214503743e-07,9.688683675807767e-06,1.66172530228933e-06,5.458860761770263e-07,0,0,0,0,0,0,0,0,0,0,0,0,0,2.648148997025608e-06,0.014074590127956222,0.0007752730377581239,9.94218297341576e-06,0.0020070681217721742,0.003087540651405381,0.0003210017260270528,0.0001958780728080943,0.1927251109509231
