0,21.851386278195488,0.8966165413533834,0,2.892857142857143,2.0999765037593985,13.70265507518797,8.579299812030074,36.756813909774436,25.474506578947366,8.345042293233082,4.1899671052631575,1.28171992481203,0.0824718045112782,8.103618421052632,1.4339755639097744,1.816846804511278,0.38921522556390975,0.2074718045112782,5.75657894736842,7.768562030075188,1.1395676691729322,0.13052161654135339,0.08893327067669173,0.3298872180451128,0.50046992481203,0.4520676691729323,0.6898496240601504,0.1069078947368421,0.023496240601503758,0.1493186090225564,0.01632988721804511,0.01163063909774436,0.08681860902255639,0.05827067669172932,0,0,0,0,0,0,0,0,0,0,0,0,0,0,0,0,0.004346804511278195,0,0,0,3.9702772556390977,29.06050281954887,1.9839050751879699,48.98507988721804,83.95582706766916,1.171875,1.1160714285714286,0.008576127819548873,0.06743421052631579,0,0,0,0,0,0,0,0.002702067669172932,0,0,0,0,0,0,0,0,0,0,0,0,0.04100093984962406,0.0975093984962406,0.018679511278195487,0,0,0,0,0,0,0,0,0,0,0,0,0,0,0,0,0,0,0,0,0,0,0,0,0,0,0,0,0,0,0,0,0,0,0.006343984962406015,0.17610432330827067,0.001644736842105263,0,0.006696428571428571,0,0,0
21.851386278195488,0,0.7940554511278195,0.04464285714285714,3.7339050751879697,3.594924812030075,19.795582706766915,1.287828947368421,8.658952067669173,15.625234962406013,3.4378524436090223,0.9548872180451127,0.06849154135338345,0.08681860902255639,1.3171992481203008,0.10326597744360902,0.05451127819548872,0.09880169172932331,0.014332706766917292,2.035361842105263,0.6466165413533834,0.05991541353383458,0.015977443609022556,0.007401315789473684,0.024671052631578948,0.03289473684210526,0.784187030075188,0.11959586466165413,0.07048872180451127,0.01820958646616541,0.00481672932330827,0,0,0.020206766917293232,0.013862781954887217,0,0,0,0,0,0,0,0,0,0,0,0,0,0,0,0,0,0,0,0,0.40354793233082703,12.912241541353383,0.03019266917293233,11.927866541353383,44.08223684210526,0.042293233082706765,1.3142622180451127,0.009515977443609023,0.004111842105263158,0,0,0,0,0,0,0,0,0,0,0,0,0,0,0,0,0,0,0,0,0.0175046992481203,0.01268796992481203,0,0,0,0,0,0,0,0,0,0,0,0,0,0,0,0,0,0,0,0,0,0,0,0,0,0,0,0,0,0,0,0,0,0,0,0,0.04781484962406015,0,0,0.0035244360902255637,0,0,0
0.8966165413533834,0.7940554511278195,0,0,0.011748120300751879,0,4.092222744360902,0.3551456766917293,1.4839050751879699,2.8734727443609023,0.06367481203007519,0.02431860902255639,0.0019971804511278194,0,0.30897556390977443,0.00963345864661654,0.016682330827067667,0.011513157894736841,0.00387687969924812,0.02619830827067669,0.005286654135338346,0,0,0,0.007048872180451127,0.003289473684210526,0.006696428571428571,0.020206766917293232,0.008811090225563908,0.0035244360902255637,0,0,0,0,0,0,0,0,0,0,0,0,0,0,0,0,0,0,0,0,0,0,0,0,0,0.004111842105263158,0.20359492481203006,0,0.24964755639097744,0.18479793233082706,0,0,0,0,0,0,0,0,0,0,0,0,0,0,0,0,0,0,0,0,0,0,0,0,0,0,0,0,0,0,0,0,0,0,0,0,0,0,0,0,0,0,0,0,0,0,0,0,0,0,0,0,0,0,0,0,0,0,0,0,0,0,0,0,0,0,0,0,0
0,0.04464285714285714,0,0,0.42281484962406013,0,0.010338345864661654,0,0.0030545112781954886,0.13463345864661652,0.184328007518797,0,0,0,0,0,0,0,0,0.011395676691729324,0,0,0,0,0,0,0,0,0,0,0,0,0,0,0,0,0,0,0,0,0,0,0,0,0,0,0,0,0,0,0,0,0,0,0,0,0,0,0.03571428571428571,0.017622180451127817,0,0,0,0,0,0,0,0,0,0,0,0,0,0,0,0,0,0,0,0,0,0,0,0,0,0,0,0,0,0,0,0,0,0,0,0,0,0,0,0,0,0,0,0,0,0,0,0,0,0,0,0,0,0,0,0,0,0,0,0,0,0,0,0,0,0,0,0,0
2.892857142857143,3.7339050751879697,0.011748120300751879,0.42281484962406013,0,0.6004464285714285,2.2707941729323307,0.5918703007518796,3.362312030075188,15.88968515037594,5.426691729323308,1.1345159774436089,0.20042293233082706,0.07718515037593984,0.4145911654135338,0.0706062030075188,0.015155075187969925,0.02995770676691729,0.02807800751879699,1.2048872180451127,0.7389567669172932,0.10655545112781954,0.0030545112781954886,0,0.007636278195488721,0.0012922932330827067,0.010103383458646616,0.01926691729323308,0.006578947368421052,0,0,0,0,0,0.005756578947368421,0,0,0,0,0,0,0,0,0,0,0,0,0,0,0,0,0,0,0,0,0.17598684210526314,4.213345864661654,0.002702067669172932,4.885103383458646,8.84421992481203,0.00387687969924812,0.17904135338345864,0,0,0,0,0,0,0,0,0,0,0,0,0,0,0,0,0,0,0,0,0,0,0.017974624060150376,0.010338345864661654,0,0,0,0,0,0,0,0,0,0,0,0,0,0,0,0,0,0,0,0,0,0,0,0,0,0,0,0,0,0,0,0,0,0,0,0,0.01726973684210526,0,0,0,0,0,0
2.0999765037593985,3.594924812030075,0,0,0.6004464285714285,0,0.506343984962406,0.011865601503759399,0.08317669172932331,1.6426221804511276,0.07636278195488722,0.04452537593984962,0.03289473684210526,0,0.0058740601503759395,0,0,0.005521616541353383,0,0.7859492481203008,0.4927161654135338,0.3802866541353383,0.23367011278195488,0,0.0019971804511278194,0,0,0,0,0,0,0,0,0.01844454887218045,0.021499060150375938,0,0,0,0,0,0,0,0,0,0,0,0,0,0,0,0,0,0,0,0,0,0.18538533834586465,0.011865601503759399,5.380404135338345,5.664826127819548,0.007283834586466165,0.7384868421052632,0.01468515037593985,0,0,0,0,0,0,0,0,0,0,0,0,0,0,0,0,0,0,0,0,0,0.0019971804511278194,0,0,0,0,0,0,0,0,0,0,0,0,0,0,0,0,0,0,0,0,0,0,0,0,0,0,0,0,0,0,0,0,0,0,0,0,0,0.008576127819548873,0,0,0,0,0,0
13.70265507518797,19.795582706766915,4.092222744360902,0.010338345864661654,2.2707941729323307,0.506343984962406,0,325.29757988721803,404.4454887218045,121.86912593984962,43.70112781954887,29.04722744360902,9.30486372180451,0.7767857142857142,62.24048402255639,57.95335996240601,28.77584586466165,3.2363721804511276,1.8120300751879699,12.263275375939848,36.179041353383454,13.462875939849622,0.02420112781954887,10.572720864661653,5.9075422932330826,7.009985902255639,8.674342105263158,4.182330827067669,0.4338580827067669,0.11090225563909774,3.6541353383458643,0.372062969924812,0.0549812030075188,0.41294642857142855,0.27772556390977443,0,0,0,0,0,0,0.061677631578947366,0,0,0,0,0,0,0,0,0,0.05639097744360902,0,0,0,23.305216165413533,29.056978383458645,6.460173872180451,113.40965695488721,81.99964755639097,2.6860902255639094,0.06954887218045112,0.04840225563909774,0.002819548872180451,0,0,0,0,0,0.001644736842105263,0,0.023966165413533833,0.009515977443609023,0,0.00963345864661654,0,0.019971804511278196,0,0.02819548872180451,0,0,0,0,0,0.0387687969924812,0.8048637218045113,0.2101738721804511,0.006931390977443609,0,0,0,0,0,0,0,0,0,0,0,0,0,0,0,0,0,0,0,0,0,0,0,0,0,0,0,0,0,0,0,0,0.0021146616541353382,0.04769736842105263,0.7310855263157894,0.006226503759398496,0,0.0018796992481203006,0,0,0
8.579299812030074,1.287828947368421,0.3551456766917293,0,0.5918703007518796,0.011865601503759399,325.29757988721803,0,1101.155310150376,48.61595394736842,60.6968984962406,76.66083176691728,40.6828007518797,9.917645676691729,353.421640037594,1117.922462406015,594.375352443609,86.10126879699247,50.972509398496236,21.6140742481203,127.07236842105263,190.96299342105263,2.4433740601503757,386.4445488721804,133.812265037594,176.6484962406015,228.9345629699248,99.35972744360902,13.72015977443609,2.841282894736842,84.58799342105263,14.667175751879698,2.463110902255639,6.9118890977443606,10.358552631578947,0,0,0.0017622180451127819,0.012100563909774435,0.03512687969924812,0.0031719924812030073,0.36360432330827064,0.03019266917293233,0,0,0,0,0,0.008458646616541353,0.010455827067669173,0,1.7025375939849623,0.09081296992481203,0.01468515037593985,0.034656954887218046,373.0594454887218,184.41494360902254,125.32894736842104,659.7742011278195,855.1618890977443,55.333059210526315,0.06214755639097744,1.5326597744360901,0.0368890977443609,0,0,0,0,0,0,0.011278195488721804,0.10044642857142856,0.03571428571428571,0,0.01738721804511278,0.009281015037593984,0.08893327067669173,0,0.3350563909774436,0,0,0.01362781954887218,0.0035244360902255637,0,0.03782894736842105,3.3785244360902253,2.5281954887218046,0.09210526315789473,0,0,0,0,0,0.0017622180451127819,0.012805451127819549,0,0,0,0.0015272556390977443,0,0,0,0,0,0,0,0,0,0,0,0,0,0,0,0,0,0,0,0,0,0.0064614661654135335,2.1877349624060147,3.5699013157894735,0.03571428571428571,0,0.006226503759398496,0,0,0.002349624060150376
36.756813909774436,8.658952067669173,1.4839050751879699,0.0030545112781954886,3.362312030075188,0.08317669172932331,404.4454887218045,1101.155310150376,0,304.3535009398496,797.9194078947368,1135.436207706767,505.08987312030075,131.74342105263156,1649.7265037593984,266.0328947368421,189.79053101503757,96.38721804511277,28.625587406015036,61.867481203007515,820.3782894736842,514.6765742481202,0.9117716165413533,50.72944078947368,46.96546052631579,42.366188909774436,43.41658834586466,38.207589285714285,4.5849389097744355,1.2354323308270676,18.659656954887218,2.698543233082707,0.877937030075188,4.348449248120301,3.5932800751879697,0,0.010808270676691729,0.006226503759398496,0.03242481203007519,0.03841635338345865,0.01456766917293233,0.23601973684210525,0.07530545112781954,0,0,0,0,0,0,0,0,0.8698308270676691,0.002819548872180451,0,0.007166353383458646,228.91541353383457,306.1949013157895,92.66600093984962,1554.0835291353383,707.3576127819548,46.84598214285714,0.2650375939849624,0.5397086466165413,0.009046052631578948,0,0,0,0,0.00387687969924812,0,0.014097744360902255,0.9592340225563909,0.175046992481203,0.007871240601503758,0.08916823308270676,0.0837640977443609,0.7980498120300752,0.009163533834586466,1.2659774436090225,0,0,0.015272556390977443,0.005756578947368421,0,0.5898731203007519,14.42563439849624,6.658952067669173,0.028665413533834585,0,0,0,0,0,0,0,0,0,0,0,0,0,0,0,0,0,0,0,0,0,0,0,0,0,0,0,0,0,0,0,0.008928571428571428,0.019854323308270676,2.6785714285714284,13.264802631578947,0.1419172932330827,0,0.03865131578947368,0.006109022556390977,0,0.0035244360902255637
25.474506578947366,15.625234962406013,2.8734727443609023,0.13463345864661652,15.88968515037594,1.6426221804511276,121.86912593984962,48.61595394736842,304.3535009398496,0,678.827537593985,199.9673402255639,43.21710526315789,21.258341165413533,78.3455122180451,4.236607142857142,7.392387218045112,5.996593045112782,0.4232847744360902,27.772908834586463,86.3188439849624,18.390625,0.05968045112781954,0.34468984962406013,0.6779840225563909,0.8818139097744361,0.7301456766917293,0.6724624060150376,0.16247650375939848,0.08270676691729323,0.11148966165413533,0.011395676691729324,0.006109022556390977,0.2890037593984962,0.04053101503759398,0,0,0,0,0,0,0.014332706766917292,0,0,0,0,0,0,0,0,0,0.008341165413533833,0,0,0,6.830709586466165,35.218162593984964,3.4066024436090223,203.73625469924812,61.7765507518797,0.9444313909774436,0.17152255639097744,0.008223684210526315,0,0,0,0,0,0,0,0,0.04006109022556391,0.025728383458646614,0.0025845864661654134,0.014920112781954886,0,0.023848684210526314,0,0.03794642857142857,0,0,0,0,0,0.04405545112781955,1.4511278195488722,0.46346334586466165,0.010220864661654134,0,0,0,0,0,0,0,0,0,0,0,0,0,0,0,0,0,0,0,0,0,0,0,0,0,0,0,0,0,0,0,0,0,0.24353853383458646,1.378171992481203,0.0021146616541353382,0,0,0,0,0
8.345042293233082,3.4378524436090223,0.06367481203007519,0.184328007518797,5.426691729323308,0.07636278195488722,43.70112781954887,60.6968984962406,797.9194078947368,678.827537593985,0,1119.4245770676691,152.75234962406014,80.95077537593984,217.8002819548872,10.946546052631579,18.554393796992482,15.072485902255638,1.9028430451127818,19.829299812030076,156.00552161654136,36.04370300751879,0.050046992481203006,1.3270676691729322,2.0330122180451125,1.7247415413533833,1.0570958646616542,1.8796992481203008,0.19854323308270674,0.11712875939849623,0.36336936090225563,0.027725563909774435,0,0.3738251879699248,0.05145676691729323,0,0,0,0,0,0,0.0036419172932330825,0,0,0,0,0,0,0,0,0,0,0,0,0,18.63674812030075,51.94313909774436,7.387100563909774,275.6482612781955,63.3531484962406,3.203242481203007,0.059562969924812026,0.010338345864661654,0,0,0,0,0,0,0,0,0.05051691729323308,0,0,0.0012922932330827067,0,0.019971804511278196,0,0.0794172932330827,0,0,0,0,0,0.07260338345864661,1.2798402255639096,0.543703007518797,0,0,0,0,0,0,0,0,0,0,0,0,0,0,0,0,0,0,0,0,0,0,0,0,0,0,0,0,0,0,0,0,0,0,0.24412593984962405,1.525610902255639,0.0017622180451127819,0,0.0029370300751879698,0,0,0
4.1899671052631575,0.9548872180451127,0.02431860902255639,0,1.1345159774436089,0.04452537593984962,29.04722744360902,76.66083176691728,1135.436207706767,199.9673402255639,1119.4245770676691,0,1734.157777255639,1824.2622180451126,1207.094219924812,20.32236842105263,115.52502349624059,172.76022086466165,21.83517387218045,14.9375,546.469807330827,323.2985197368421,0.21710526315789472,2.946428571428571,10.215812969924812,6.585056390977443,2.5595629699248117,9.531954887218044,1.216517857142857,0.23836936090225563,1.4976503759398496,0.13733552631578946,0.03078007518796992,0.6456766917293233,0.7524671052631579,0,0,0,0,0,0,0.00681390977443609,0,0,0,0,0,0,0,0,0,0.02549342105263158,0,0,0,47.412124060150376,40.16459116541353,35.016212406015036,655.2696193609022,151.13710056390977,15.109962406015036,0.0737781954887218,0.0525140977443609,0,0,0,0,0,0,0,0.01268796992481203,0.18785244360902253,0.003406954887218045,0,0.0042293233082706765,0.026785714285714284,0.2333176691729323,0,0.4960056390977443,0,0,0,0.007166353383458646,0,0.04405545112781955,4.121828007518797,2.514567669172932,0.0064614661654135335,0,0,0,0,0,0,0,0,0,0,0,0,0,0,0,0,0,0,0,0,0,0,0,0,0,0,0,0,0,0,0,0.002232142857142857,0.007518796992481203,1.3421052631578947,4.219337406015037,0.034421992481203006,0,0,0,0,0
1.28171992481203,0.06849154135338345,0.0019971804511278194,0,0.20042293233082706,0.03289473684210526,9.30486372180451,40.6828007518797,505.08987312030075,43.21710526315789,152.75234962406014,1734.157777255639,0,3156.5203242481202,1640.5839990601503,38.16870300751879,352.08364661654133,1506.7940554511276,714.6889097744361,5.086818609022556,111.15613251879698,277.3569078947368,1.3126174812030074,9.615366541353383,75.84950657894737,62.41799812030075,38.4813204887218,45.70382988721804,4.90906954887218,0.5182095864661654,8.776785714285714,1.0407659774436089,0.44231672932330823,1.8606672932330826,5.365131578947368,0,0,0,0,0,0,0.03324718045112782,0,0.003289473684210526,0.003994360902255639,0,0,0,0.002349624060150376,0,0,0.42622180451127817,0.09010808270676691,0,0.10949248120300752,228.6328712406015,17.319313909774436,73.29757988721803,828.3741776315788,193.21334586466165,18.110432330827066,0.041353383458646614,0.40249060150375937,0.019854323308270676,0,0,0,0,0,0,0,0.013980263157894735,0,0,0,0.001644736842105263,0.018092105263157895,0,0.08599624060150375,0,0.002819548872180451,0.012100563909774435,0.0019971804511278194,0,0.02643327067669173,0.8304746240601504,1.3470394736842104,0.04029605263157895,0,0,0,0,0,0.0017622180451127819,0.0021146616541353382,0,0,0,0,0,0,0,0,0,0,0,0,0,0,0,0,0,0,0,0,0,0,0,0,0,0,1.666470864661654,1.8448073308270676,0.004581766917293233,0,0.010103383458646616,0,0,0.002819548872180451
0.0824718045112782,0.08681860902255639,0,0,0.07718515037593984,0,0.7767857142857142,9.917645676691729,131.74342105263156,21.258341165413533,80.95077537593984,1824.2622180451126,3156.5203242481202,0,344.99541823308266,13.214638157894736,139.62159304511277,992.5172697368421,426.43820488721803,0.8269501879699248,86.41376879699247,225.1614191729323,0.25669642857142855,4.7973449248120295,29.806508458646615,17.435032894736842,17.870770676691727,18.441141917293233,2.271381578947368,0.6412124060150376,3.432565789473684,0.41623590225563906,0.16623590225563908,0.9997650375939849,1.4144736842105263,0,0,0,0,0,0,0.00681390977443609,0,0.004111842105263158,0.002819548872180451,0,0,0,0,0.0021146616541353382,0,0.11536654135338345,0.02807800751879699,0,0.02326127819548872,98.875,3.4849624060150375,25.543115601503757,221.91165413533832,76.68186090225564,6.390507518796992,0.010455827067669173,0.15824718045112782,0.0058740601503759395,0,0,0,0,0,0,0,0,0,0,0,0,0,0,0.01456766917293233,0,0.002232142857142857,0.009515977443609023,0,0,0,0.18914473684210525,0.3563204887218045,0.012100563909774435,0,0,0,0,0,0,0,0,0,0,0,0,0,0,0,0,0,0,0,0,0,0,0,0,0,0,0,0,0,0,0,0.0030545112781954886,0,0.3571428571428571,0.31602443609022557,0.002819548872180451,0,0,0,0,0
8.103618421052632,1.3171992481203008,0.30897556390977443,0,0.4145911654135338,0.0058740601503759395,62.24048402255639,353.421640037594,1649.7265037593984,78.3455122180451,217.8002819548872,1207.094219924812,1640.5839990601503,344.99541823308266,0,292.9613486842105,1955.9938909774435,1727.1976033834585,777.0795347744361,23.538416353383457,981.1089050751879,3193.90859962406,11.047814849624059,74.81684680451127,840.2490601503758,588.389567669173,86.24870770676691,868.2118186090225,67.71510808270676,6.337288533834586,72.55862312030075,8.689732142857142,2.8652490601503757,16.225916353383457,85.77878289473684,0,0.03982612781954887,0.023731203007518797,0.08975563909774435,0.09586466165413533,0.032542293233082706,0.32671522556390975,0.19055451127819548,0,0,0,0,0,0.010925751879699248,0.010925751879699248,0,0.7341400375939849,0.09703947368421052,0,0.05568609022556391,713.0186795112782,189.50881109022555,418.5491071428571,2761.7760808270673,1381.139567669173,151.4749765037594,0.27420112781954886,2.230850563909774,0.2489426691729323,0,0,0,0,0,0,0.044172932330827065,0.7617481203007518,0.08282424812030074,0.002819548872180451,0.06390977443609022,0.09574718045112782,0.7296757518796992,0.017974624060150376,2.4309210526315788,0.007518796992481203,0.009046052631578948,0.14967105263157893,0.0406484962406015,0.0017622180451127819,0.1581296992481203,16.985549812030076,16.828359962406015,0.331062030075188,0,0,0.001644736842105263,0,0.003406954887218045,0.05028195488721804,0.027608082706766915,0,0,0,0,0.0015272556390977443,0,0,0,0,0,0,0,0,0,0,0,0,0,0,0,0,0,0,0,0.10021146616541353,0.0756578947368421,15.251644736842104,20.08364661654135,0.26973684210526316,0,0.02232142857142857,0.04851973684210526,0,0.0606203007518797
1.4339755639097744,0.10326597744360902,0.00963345864661654,0,0.0706062030075188,0,57.95335996240601,1117.922462406015,266.0328947368421,4.236607142857142,10.946546052631579,20.32236842105263,38.16870300751879,13.214638157894736,292.9613486842105,0,2197.226386278195,262.98813439849624,199.37253289473682,4.305568609022556,45.759985902255636,161.50716635338344,5.486489661654135,1662.891329887218,408.3304746240601,691.1967810150376,854.2019501879698,349.4051926691729,26.19208176691729,7.350916353383458,269.218632518797,37.44184680451128,4.80345394736842,15.008693609022556,30.63533834586466,0,0.011395676691729324,0.0019971804511278194,0.0824718045112782,0.022203947368421052,0,0.506578947368421,0.013392857142857142,0.013980263157894735,0.003994360902255639,0,0,0,0.006343984962406015,0.0630874060150376,0,2.5787124060150375,0.45794172932330823,0.01351033834586466,0.1326362781954887,654.4547697368421,87.26033834586465,119.10749530075188,344.65765977443607,595.6815084586466,45.21487312030075,0.010925751879699248,1.2478853383458646,0.056978383458646614,0,0,0,0,0,0.0036419172932330825,0.013392857142857142,0.01456766917293233,0,0,0,0.001174812030075188,0.007988721804511278,0,0.10032894736842105,0,0.0017622180451127819,0.006109022556390977,0.0024671052631578946,0,0.005639097744360902,1.0484022556390977,1.3814614661654134,0.08070958646616541,0,0,0,0,0,0.005404135338345864,0.0021146616541353382,0,0,0,0,0,0,0,0,0,0,0,0,0,0,0,0,0,0,0,0,0,0,0,0,0.009750939849624059,0.006931390977443609,1.8392857142857142,1.6251174812030074,0.02549342105263158,0,0,0,0,0.013040413533834585
1.816846804511278,0.05451127819548872,0.016682330827067667,0,0.015155075187969925,0,28.77584586466165,594.375352443609,189.79053101503757,7.392387218045112,18.554393796992482,115.52502349624059,352.08364661654133,139.62159304511277,1955.9938909774435,2197.226386278195,0,1696.8068609022555,406.72485902255636,3.9256343984962405,83.33070958646616,319.62276785714283,6.2423637218045105,718.5714285714286,518.4232847744361,435.21405075187965,233.98872180451127,416.1795112781955,34.16823308270676,5.797227443609022,124.71792763157895,18.557448308270676,2.549342105263158,14.823543233082706,38.75093984962406,0,0.010338345864661654,0.00775375939849624,0.018679511278195487,0.024788533834586464,0,0.09046052631578946,0.008811090225563908,0.0030545112781954886,0,0,0,0,0.010925751879699248,0.0293703007518797,0,1.030545112781955,0.11900845864661654,0,0.04452537593984962,1544.2270911654134,116.99682800751879,175.8549107142857,415.2992246240601,939.0738956766917,71.50293703007519,0.03618421052631579,1.7442434210526314,0.19607612781954886,0,0,0,0,0,0,0.015859962406015036,0.011395676691729324,0,0,0,0.00869360902255639,0.005169172932330827,0.011043233082706766,0.24447838345864661,0.019854323308270676,0.020676691729323307,0.08352913533834586,0.01163063909774436,0.00387687969924812,0.04476033834586466,1.402373120300752,2.5449953007518795,0.28970864661654133,0.0024671052631578946,0,0,0.005991541353383458,0,0.0374765037593985,0.012218045112781954,0,0,0.005404135338345864,0.0017622180451127819,0,0,0,0,0,0,0,0,0,0,0,0,0,0,0,0,0,0,0,0,0.04887218045112782,0.024788533834586464,3.7895911654135337,3.0979793233082704,0.05803571428571428,0.0010573308270676691,0.0031719924812030073,0.00481672932330827,0,0.04053101503759398
0.38921522556390975,0.09880169172932331,0.011513157894736841,0,0.02995770676691729,0.005521616541353383,3.2363721804511276,86.10126879699247,96.38721804511277,5.996593045112782,15.072485902255638,172.76022086466165,1506.7940554511276,992.5172697368421,1727.1976033834585,262.98813439849624,1696.8068609022555,0,2984.503406954887,1.1773966165413534,83.60338345864662,370.67810150375936,4.7961701127819545,33.91459116541353,420.18268327067665,112.5985667293233,112.24565319548871,181.70242011278194,16.100563909774436,1.6059680451127818,16.16177161654135,2.139920112781955,0.8643092105263157,4.901668233082707,35.05556860902256,0,0,0,0.003289473684210526,0.03994360902255639,0,0.05991541353383458,0.01445018796992481,0.006696428571428571,0.005286654135338346,0,0,0,0.01362781954887218,0.0350093984962406,0,0.7283834586466165,0.2119360902255639,0,0.35585056390977443,535.1958411654135,32.23460996240601,138.54581766917292,439.5301926691729,508.51973684210526,57.907659774436084,0.04358552631578947,1.363486842105263,0.2569313909774436,0,0,0,0,0,0,0,0.017034774436090225,0,0,0,0,0.0030545112781954886,0.0009398496240601503,0.1099624060150376,0,0.011983082706766917,0.0649671052631579,0,0.006226503759398496,0.02925281954887218,0.991423872180451,1.638392857142857,0.06672932330827067,0,0.0025845864661654134,0,0,0,0.00869360902255639,0.016917293233082706,0,0,0,0,0,0,0,0,0,0,0,0,0,0,0,0,0,0,0,0,0,0,0,0,0.03359962406015037,0.002819548872180451,2.2183975563909772,1.803688909774436,0.023026315789473683,0.0019971804511278194,0,0,0,0.010925751879699248
0.2074718045112782,0.014332706766917292,0.00387687969924812,0,0.02807800751879699,0,1.8120300751879699,50.972509398496236,28.625587406015036,0.4232847744360902,1.9028430451127818,21.83517387218045,714.6889097744361,426.43820488721803,777.0795347744361,199.37253289473682,406.72485902255636,2984.503406954887,0,0.2832471804511278,14.660596804511277,115.87147556390977,31.41658834586466,37.008106203007515,1747.5589755639096,652.6819783834586,301.11066729323306,1562.158247180451,128.17786654135338,15.290413533834586,79.16200657894737,10.93268327067669,6.443961466165413,32.69783834586466,95.17023026315789,0.005756578947368421,0.017739661654135336,0.003289473684210526,0.03677161654135338,0.13827537593984962,0,0.5906954887218044,0.038298872180451124,0.0035244360902255637,0.03324718045112782,0,0,0,0.06778665413533834,0.2488251879699248,0,4.864426691729323,0.9982377819548872,0,1.3466870300751879,542.7443609022556,20.066611842105264,158.57131109022555,341.59938909774434,406.49788533834584,61.785244360902254,0.029487781954887216,3.7336701127819545,0.16729323308270677,0,0,0,0,0,0,0,0,0,0,0,0,0,0,0.004464285714285714,0.18362312030075187,0.025963345864661654,0.00775375939849624,0.014215225563909775,0.03841635338345865,0,0.15824718045112782,0.4332706766917293,0.143796992481203,0.01550751879699248,0,0,0,0,0,0.03418703007518797,0,0,0,0.0030545112781954886,0,0,0,0,0,0,0,0,0,0,0,0,0,0,0,0,0,0,0,0,0.007401315789473684,0,0.9886043233082706,0.4487781954887218,0.008928571428571428,0,0,0,0,0.015742481203007516
5.75657894736842,2.035361842105263,0.02619830827067669,0.011395676691729324,1.2048872180451127,0.7859492481203008,12.263275375939848,21.6140742481203,61.867481203007515,27.772908834586463,19.829299812030076,14.9375,5.086818609022556,0.8269501879699248,23.538416353383457,4.305568609022556,3.9256343984962405,1.1773966165413534,0.2832471804511278,0,67.39238721804512,7.765742481203007,2.433975563909774,0.7779605263157894,0.6355733082706767,0.5632048872180451,0.3996710526315789,0.39978853383458646,0.04734492481203007,0,0.17986372180451127,0.002349624060150376,0,0.21722274436090225,0.203125,0,0,0,0,0,0,0,0,0,0,0,0,0,0,0,0,0,0,0,0,7.7999295112781954,26.1078477443609,1.4366776315789473,191.36748120300751,41.34234022556391,0.5245535714285714,4.250117481203008,0.24471334586466165,0,0.016917293233082706,0,0,0,0.015155075187969925,0.03418703007518797,0.010690789473684209,0.33611372180451127,0.16365131578947367,0,0.02619830827067669,0.10655545112781954,0.14285714285714285,0,0.19278665413533833,0,0,0.009750939849624059,0,0,4.2067669172932325,9.254816729323307,0.7321428571428571,0.0058740601503759395,0,0,0,0,0,0,0,0,0,0,0,0,0,0,0,0,0,0,0,0,0,0,0,0,0,0,0,0,0,0,0,0,0.04781484962406015,0.215578007518797,13.312147556390977,0.13169642857142858,0,0.7344924812030075,0,0,0
7.768562030075188,0.6466165413533834,0.005286654135338346,0,0.7389567669172932,0.4927161654135338,36.179041353383454,127.07236842105263,820.3782894736842,86.3188439849624,156.00552161654136,546.469807330827,111.15613251879698,86.41376879699247,981.1089050751879,45.759985902255636,83.33070958646616,83.60338345864662,14.660596804511277,67.39238721804512,0,306.281015037594,6.9110667293233075,5.232142857142857,19.41188909774436,13.134985902255638,5.609022556390977,21.52984022556391,3.3802866541353382,0.3351738721804511,2.8792293233082704,0.4080122180451128,0.137453007518797,1.8889802631578947,3.2166353383458643,0,0,0,0,0,0,0.11889097744360902,0,0,0.21087875939849623,0,0,0,0.002232142857142857,0.002702067669172932,0,0.06719924812030074,0.0017622180451127819,0,0.008106203007518797,89.49588815789473,54.69090695488722,132.17457706766916,2338.678806390977,159.90425281954887,13.871945488721805,5.010808270676692,1.89109492481203,0.002819548872180451,0.06120770676691729,0.009985902255639098,0,0,0.15871710526315788,0.39602913533834583,0.8295347744360901,11.83376409774436,2.8028665413533833,0.1299342105263158,1.779722744360902,2.4333881578947367,9.240836466165414,0.41235902255639095,21.267622180451127,0.18656015037593984,0.2507048872180451,1.2381343984962405,0.5144501879699248,0.19490131578947367,10.329182330827066,63.95253759398496,50.58247180451128,0.9810855263157894,0.028782894736842105,0.055098684210526314,0.008106203007518797,0.005051691729323308,0.09281015037593984,0.38298872180451127,0.13533834586466165,0,0,0.0009398496240601503,0.025023496240601503,0.004464285714285714,0,0,0,0,0,0.016799812030075186,0,0,0,0,0,0,0,0,0,0,0,0,0,0.6717575187969924,2.0485197368421053,55.67128759398496,169.90542763157893,3.9619360902255636,0.05157424812030075,2.203829887218045,0.44231672932330823,0,0.5435855263157895
1.1395676691729322,0.05991541353383458,0,0,0.10655545112781954,0.3802866541353383,13.462875939849622,190.96299342105263,514.6765742481202,18.390625,36.04370300751879,323.2985197368421,277.3569078947368,225.1614191729323,3193.90859962406,161.50716635338344,319.62276785714283,370.67810150375936,115.87147556390977,7.765742481203007,306.281015037594,0,1695.077420112782,38.372297932330824,269.72168703007515,362.49283364661653,290.4861372180451,1010.2558740601503,120.77878289473684,42.448660714285715,146.59269266917292,39.244830827067666,41.24988251879699,354.9703947368421,143.74130639097743,0.1293468045112782,0.3052161654135338,0.2525845864661654,0.6889097744360901,2.5368890977443606,0.134281015037594,33.34609962406015,0.6655310150375939,0.39367951127819545,7.514450187969924,0,0,0.007518796992481203,1.3986137218045112,2.8584351503759398,0,18.178688909774436,5.672227443609022,0.010690789473684209,5.780192669172932,963.5446428571428,45.967692669172926,3133.019384398496,4947.6031484962405,678.8875704887217,95.10244360902256,4.881696428571428,937.8497415413533,0.37124060150375937,0.009046052631578948,0,0,0,0,0.1050281954887218,0.8043937969924811,4.898143796992481,0.9772086466165413,0.02631578947368421,0.5195018796992481,1.1275845864661653,4.869595864661654,0.37852443609022557,19.66517857142857,0.2575187969924812,0.3020441729323308,1.7528195488721803,0.6818609022556391,0.2344924812030075,0.3511513157894737,51.723449248120296,80.18902725563909,205.0203242481203,0.018679511278195487,0.12969924812030076,0.013862781954887217,0.10361842105263157,0.2206296992481203,0.9768562030075187,1.4587640977443608,0.06790413533834586,0.00681390977443609,0.1769266917293233,0.37182800751879697,0.7779605263157894,0,0,0,0.002819548872180451,0,0.6906719924812029,0,0,0.10115131578947367,0,0,0,0,0,0,0,0.0031719924812030073,0,0,1.6862077067669172,1.478031015037594,572.4571193609022,138.27455357142856,4.232377819548872,0.23590225563909772,1.3399906015037593,58.623002819548866,0,125.24823778195488
0.13052161654135339,0.015977443609022556,0,0,0.0030545112781954886,0.23367011278195488,0.02420112781954887,2.4433740601503757,0.9117716165413533,0.05968045112781954,0.050046992481203006,0.21710526315789472,1.3126174812030074,0.25669642857142855,11.047814849624059,5.486489661654135,6.2423637218045105,4.7961701127819545,31.41658834586466,2.433975563909774,6.9110667293233075,1695.077420112782,0,5.333999060150376,27.55803571428571,62.02631578947368,172.34551221804512,535.1079652255639,220.19595864661653,374.9194078947368,239.33411654135338,183.19760338345864,285.86219454887214,2161.6383928571427,315.8559680451128,2.871240601503759,3.5279605263157894,5.458646616541353,12.654605263157894,31.449130639097742,0.36336936090225563,146.8879229323308,8.379111842105262,4.278312969924812,36.4922462406015,0,0,0.05157424812030075,13.003524436090224,18.07142857142857,0.03771146616541353,57.68726503759398,26.292763157894736,0.1356907894736842,21.314849624060148,221.89873120300751,0.8839285714285714,1730.733905075188,242.54734492481202,108.67610432330827,39.6750469924812,0.34504229323308266,1291.5548637218044,0.5119830827067668,0,0,0,0,0,0,0.0031719924812030073,0.006226503759398496,0.0021146616541353382,0,0.005051691729323308,0,0,0.03195488721804511,0.16400375939849623,0.01163063909774436,0.005639097744360902,0.0668468045112782,0.02525845864661654,0.042058270676691725,0,0.5419407894736842,252.04123590225564,549.7382518796992,0.005169172932330827,0.01550751879699248,0.010103383458646616,0.37781954887218044,0.36360432330827064,1.069078947368421,5.330357142857142,2.3416353383458643,1.0963345864661653,4.466635338345864,2.275140977443609,17.305098684210524,0.023848684210526314,0.019854323308270676,0,0.4676926691729323,0,1.5464050751879699,0.011043233082706766,0,0.052984022556390974,0,0,0,0.04898966165413533,0.009398496240601503,0,0.09715695488721804,0.31320488721804507,0,0.009163533834586466,1.2181625939849623,0.011513157894736841,129.47709116541353,6.779487781954887,0.4208176691729323,0.040178571428571425,0.03430451127819549,25.11489661654135,0,101.22920582706766
0.08893327067669173,0.007401315789473684,0,0,0,0,10.572720864661653,386.4445488721804,50.72944078947368,0.34468984962406013,1.3270676691729322,2.946428571428571,9.615366541353383,4.7973449248120295,74.81684680451127,1662.891329887218,718.5714285714286,33.91459116541353,37.008106203007515,0.7779605263157894,5.232142857142857,38.372297932330824,5.333999060150376,0,334.07918233082705,1060.2905310150375,2381.9636983082705,142.38862781954887,20.454534774436087,7.246240601503759,653.6174812030075,73.61994830827068,10.631696428571429,21.883811090225564,21.452302631578945,0.006109022556390977,0.01632988721804511,0.00869360902255639,0.018914473684210526,0.07965225563909774,0,0.3364661654135338,0.02337875939849624,0.003994360902255639,0.0035244360902255637,0,0,0,0.014097744360902255,0.12723214285714285,0,6.3036889097744355,0.6800986842105263,0.005404135338345864,0.23143796992481203,251.71322838345864,15.49236372180451,29.51456766917293,56.149201127819545,99.40072838345864,9.23390507518797,0,0.9672227443609022,0.015742481203007516,0,0,0,0,0,0,0,0,0,0,0,0,0,0,0.00963345864661654,0,0,0,0,0,0,0.04804981203007518,0.24917763157894735,0.051221804511278196,0,0,0,0,0,0.0015272556390977443,0,0,0,0,0,0,0,0,0,0,0,0,0,0,0,0,0,0,0,0,0,0,0,0,0,0,0,0.6281719924812029,0.27044172932330823,0.0036419172932330825,0,0,0,0,0
0.3298872180451128,0.024671052631578948,0.007048872180451127,0,0.007636278195488721,0.0019971804511278194,5.9075422932330826,133.812265037594,46.96546052631579,0.6779840225563909,2.0330122180451125,10.215812969924812,75.84950657894737,29.806508458646615,840.2490601503758,408.3304746240601,518.4232847744361,420.18268327067665,1747.5589755639096,0.6355733082706767,19.41188909774436,269.72168703007515,27.55803571428571,334.07918233082705,0,656.7636278195488,502.36689379699243,621.5296052631578,47.61442669172932,5.667528195488721,168.38087406015038,21.517269736842103,2.5281954887218046,20.53078007518797,342.03230733082705,0.010103383458646616,0.013157894736842105,0.01468515037593985,0.007401315789473684,0.07107612781954886,0,0.12429511278195488,0.012335526315789474,0,0,0,0,0,0.03089755639097744,0.05075187969924812,0,1.300046992481203,0.1563674812030075,0.004699248120300752,0.22403665413533833,757.4300986842105,39.68609022556391,156.7707941729323,255.20911654135338,630.2892387218045,66.16529605263158,0.03089755639097744,2.2175751879699246,0.39544172932330823,0,0,0,0,0,0,0.002702067669172932,0,0,0,0,0.0024671052631578946,0,0.0042293233082706765,0.03359962406015037,0,0.0018796992481203006,0.019031954887218046,0,0.009163533834586466,0.0021146616541353382,0.26221804511278196,0.7087640977443609,0.07330827067669173,0,0,0,0,0,0.0036419172932330825,0.005169172932330827,0,0,0.004464285714285714,0,0,0,0,0,0,0,0,0,0,0,0,0,0,0,0,0,0,0,0,0,0.010808270676691729,0.007518796992481203,1.3923872180451127,0.818374060150376,0.008341165413533833,0,0,0,0,0.007988721804511278
0.50046992481203,0.03289473684210526,0.003289473684210526,0,0.0012922932330827067,0,7.009985902255639,176.6484962406015,42.366188909774436,0.8818139097744361,1.7247415413533833,6.585056390977443,62.41799812030075,17.435032894736842,588.389567669173,691.1967810150376,435.21405075187965,112.5985667293233,652.6819783834586,0.5632048872180451,13.134985902255638,362.49283364661653,62.02631578947368,1060.2905310150375,656.7636278195488,0,2364.394266917293,218.79828477443607,71.4093045112782,43.72521146616541,668.4089520676691,119.56120770676691,57.857612781954884,141.42610432330827,156.37018327067668,0.07847744360902255,0.809562969924812,0.40307800751879697,0.862312030075188,1.9581766917293233,0.11160714285714285,6.826480263157895,1.144031954887218,0.5868186090225563,0.3893327067669173,0,0,0.008223684210526315,1.3983787593984962,3.063674812030075,0.002702067669172932,99.71522556390977,67.94654605263158,0.11219454887218044,4.792528195488721,1801.533012218045,51.68421052631579,331.52619830827064,337.7631578947368,1114.8341165413533,125.10361842105263,0.02725563909774436,18.556038533834585,0.8843984962406014,0,0,0,0,0,0,0.005169172932330827,0,0,0,0,0,0.002702067669172932,0.008106203007518797,0.05157424812030075,0,0,0.017622180451127817,0.0029370300751879698,0.0018796992481203006,0,0.265859962406015,0.6679981203007519,0.2938204887218045,0,0,0,0,0.002349624060150376,0.01738721804511278,0.11348684210526315,0.0064614661654135335,0,0.016917293233082706,0.015037593984962405,0.005521616541353383,0,0,0,0,0,0,0,0,0,0,0,0,0,0,0,0,0.0025845864661654134,0,0,0.011043233082706766,0.01456766917293233,2.084234022556391,0.8685385338345865,0.019031954887218046,0,0,0,0,0.08164943609022556
0.4520676691729323,0.784187030075188,0.006696428571428571,0,0.010103383458646616,0,8.674342105263158,228.9345629699248,43.41658834586466,0.7301456766917293,1.0570958646616542,2.5595629699248117,38.4813204887218,17.870770676691727,86.24870770676691,854.2019501879698,233.98872180451127,112.24565319548871,301.11066729323306,0.3996710526315789,5.609022556390977,290.4861372180451,172.34551221804512,2381.9636983082705,502.36689379699243,2364.394266917293,0,671.7931156015037,274.32589285714283,298.48378759398497,4196.762570488721,973.0976268796992,465.07319078947364,802.5507518796992,348.953242481203,1.6217105263157894,7.30204417293233,6.465812969924811,11.29440789473684,24.06379229323308,0.5671992481203008,59.19313909774436,12.591752819548871,4.676221804511278,2.455709586466165,0,0,0.04981203007518797,14.607260338345863,29.036654135338345,0.0543937969924812,225.0285479323308,34.86160714285714,0.2238016917293233,6.450422932330826,921.125469924812,29.725093984962406,431.2259163533834,327.2288533834586,606.9249295112782,136.82413063909775,0.013980263157894735,93.62911184210526,1.9504229323308269,0,0,0,0,0,0,0.005521616541353383,0,0,0,0,0,0,0.0021146616541353382,0.021616541353383457,0,0,0.005051691729323308,0.004934210526315789,0,0,0.06261748120300752,0.6073778195488722,1.1197133458646615,0,0,0,0.03336466165413533,0.013862781954887217,0.056743421052631575,0.08364661654135339,0,0,0.02326127819548872,0.005051691729323308,0.029605263157894735,0,0,0,0,0,0,0,0,0,0,0,0,0,0,0,0,0,0,0,0.06954887218045112,0.00387687969924812,3.6399201127819545,0.828359962406015,0.03113251879699248,0.0024671052631578946,0,0.02995770676691729,0,0.38792293233082703
0.6898496240601504,0.11959586466165413,0.020206766917293232,0,0.01926691729323308,0,4.182330827067669,99.35972744360902,38.207589285714285,0.6724624060150376,1.8796992481203008,9.531954887218044,45.70382988721804,18.441141917293233,868.2118186090225,349.4051926691729,416.1795112781955,181.70242011278194,1562.158247180451,0.39978853383458646,21.52984022556391,1010.2558740601503,535.1079652255639,142.38862781954887,621.5296052631578,218.79828477443607,671.7931156015037,0,1170.0599154135339,413.4286889097744,212.4269266917293,195.9753289473684,79.27396616541353,951.3680686090225,3150.4329182330825,0.38052161654135336,0.8214285714285714,0.4957706766917293,1.065671992481203,3.065437030075188,0.07037124060150375,9.325540413533835,0.8547932330827067,0.337406015037594,0.6719924812030075,0,0,0,1.1959586466165413,3.7413063909774436,0,30.100681390977442,12.78688909774436,0.0587406015037594,9.397556390977442,1292.328242481203,47.76163063909774,726.1792763157895,893.5459351503758,1365.203125,278.93338815789474,0.06696428571428571,51.930686090225564,2.382048872180451,0,0,0,0,0,0,0,0,0,0,0,0,0,0.0031719924812030073,0.05263157894736842,0,0.0015272556390977443,0.03007518796992481,0.0037593984962406013,0.023496240601503758,0.0015272556390977443,0.5499295112781954,1.6704652255639096,2.065437030075188,0,0,0,0.01362781954887218,0.0137453007518797,0.08493890977443609,0.35526315789473684,0.023496240601503758,0.0018796992481203006,0.02984022556390977,0.07272086466165413,0.06931390977443609,0,0,0,0,0,0,0,0,0,0,0,0,0,0,0,0,0.005051691729323308,0,0,0.04429041353383458,0,4.415883458646617,1.7989896616541352,0.029605263157894735,0.0021146616541353382,0,0.010690789473684209,0,0.3751174812030075
